0.0606 0.0498 0.0447 0.0441 0.0463 0.0522 0.0667 0.0888 0.1259 0.1598 0.1729 0.1692 0.1574 0.1461 0.1396 0.1357 0.1326 0.1313 0.1337 0.1436 0.1542 0.1575 0.1567 0.1576 0.1668 0.1901 0.2284 0.2756 0.3493 0.3843 0.4294
0.0763 0.0829 0.0856 0.086 0.0817 0.0766 0.0696 0.0637 0.0563 0.0489 0.0434 0.0392 0.0355 0.0336 0.0329 0.033 0.0332 0.0342 0.0381 0.0477 0.0609 0.0707 0.074 0.0785 0.0856 0.1031 0.1333 0.1732 0.2445 0.2859 0.3408
0.0779 0.0629 0.0558 0.0552 0.0581 0.0676 0.0904 0.128 0.2042 0.309 0.4177 0.5003 0.5335 0.5365 0.5265 0.5028 0.4696 0.437 0.4058 0.3659 0.3098 0.2779 0.2756 0.272 0.2632 0.2352 0.1762 0.1255 0.1107 0.1469 0.2319
0.1034 0.1016 0.0997 0.0991 0.0994 0.1028 0.1083 0.1144 0.1217 0.1285 0.1352 0.1396 0.1396 0.1344 0.1259 0.1165 0.1066 0.0946 0.0844 0.0787 0.075 0.0719 0.0695 0.0695 0.0755 0.0911 0.1187 0.1559 0.2245 0.266 0.3225
0.4291 0.4295 0.428 0.4284 0.43 0.4324 0.4406 0.449 0.4568 0.4627 0.4691 0.4729 0.4742 0.4724 0.4707 0.4701 0.468 0.4671 0.4691 0.4758 0.4832 0.4844 0.4838 0.4846 0.4925 0.508 0.5281 0.5481 0.566 0.5684 0.5764
0.3535 0.3526 0.3494 0.3514 0.3574 0.3691 0.3898 0.4092 0.4245 0.4258 0.4206 0.4057 0.388 0.3673 0.3475 0.3283 0.3083 0.2861 0.2656 0.249 0.2327 0.222 0.2176 0.2184 0.2236 0.2307 0.223 0.2107 0.2095 0.2671 0.3632
0.3311 0.3409 0.3475 0.3508 0.3498 0.344 0.3298 0.3136 0.2919 0.2714 0.2539 0.2389 0.2317 0.2301 0.2308 0.2388 0.2599 0.2992 0.3444 0.3805 0.4031 0.4108 0.4121 0.4147 0.4255 0.4468 0.4755 0.505 0.536 0.5431 0.5547
0.0455 0.0471 0.052 0.0557 0.0558 0.0549 0.0503 0.0449 0.0383 0.0335 0.0303 0.0285 0.0273 0.0273 0.0284 0.0305 0.0331 0.0366 0.0458 0.065 0.098 0.1386 0.1683 0.1877 0.2006 0.2191 0.2504 0.2933 0.3705 0.4137 0.4679
0.425 0.4065 0.3947 0.393 0.4017 0.4191 0.4532 0.4919 0.5367 0.5695 0.5865 0.5932 0.5943 0.5926 0.5894 0.5855 0.5776 0.569 0.5593 0.5444 0.5217 0.5088 0.5069 0.5044 0.5008 0.4836 0.4387 0.3964 0.3819 0.4331 0.5067
0.1591 0.1463 0.1377 0.1354 0.139 0.1487 0.168 0.1894 0.2105 0.2166 0.2097 0.1944 0.1776 0.1623 0.1508 0.1415 0.133 0.1233 0.117 0.1153 0.114 0.1122 0.1095 0.1097 0.118 0.139 0.1745 0.2199 0.2968 0.3378 0.3917
0.4948 0.486 0.4806 0.4793 0.4819 0.484 0.4885 0.492 0.4916 0.4868 0.4826 0.4818 0.4831 0.4861 0.494 0.5123 0.5344 0.5526 0.5623 0.5645 0.5659 0.5656 0.5644 0.5646 0.5664 0.5707 0.5756 0.5814 0.5824 0.5828 0.5855
0.141 0.1381 0.1328 0.1345 0.1415 0.1584 0.1912 0.2363 0.3069 0.3804 0.4327 0.4549 0.4462 0.4178 0.3767 0.3235 0.2673 0.2222 0.1859 0.1507 0.1136 0.0942 0.0888 0.085 0.0814 0.0716 0.0503 0.0356 0.0378 0.0518 0.0987
0.4816 0.4822 0.4812 0.4822 0.4846 0.4873 0.4949 0.504 0.5133 0.5217 0.5313 0.5402 0.5458 0.5483 0.5503 0.5532 0.5539 0.5552 0.5578 0.5616 0.5657 0.5676 0.5676 0.5683 0.5703 0.5743 0.5789 0.5844 0.5849 0.585 0.5869
0.3456 0.3366 0.3322 0.3287 0.322 0.3096 0.2872 0.2657 0.2414 0.2202 0.2068 0.2011 0.2016 0.2067 0.2207 0.2529 0.3064 0.3871 0.4676 0.5232 0.5544 0.5676 0.5705 0.5721 0.5729 0.5734 0.5737 0.5751 0.5715 0.5696 0.5694
0.1063 0.1104 0.1118 0.1121 0.1123 0.1146 0.1184 0.1234 0.1306 0.1386 0.1481 0.1582 0.1659 0.1659 0.1608 0.146 0.1271 0.1066 0.0897 0.075 0.0609 0.0528 0.0502 0.0492 0.0487 0.0462 0.0375 0.0308 0.0297 0.0436 0.0808
0.0768 0.0763 0.0774 0.0784 0.0767 0.073 0.0634 0.0546 0.0457 0.0392 0.0359 0.0343 0.0341 0.0355 0.0392 0.0463 0.0616 0.1001 0.1663 0.2544 0.3539 0.4453 0.5035 0.5411 0.5624 0.5732 0.5789 0.5824 0.58 0.5759 0.5714
0.3446 0.3384 0.3335 0.3322 0.3341 0.34 0.3548 0.3698 0.3874 0.405 0.425 0.4444 0.4583 0.4653 0.4697 0.4739 0.475 0.4764 0.4809 0.4901 0.4989 0.5011 0.5013 0.5024 0.509 0.5215 0.5377 0.5529 0.5654 0.5665 0.5711
0.3272 0.3627 0.3987 0.4357 0.4584 0.4636 0.4432 0.4172 0.3808 0.3461 0.3151 0.2818 0.2554 0.2357 0.2179 0.2001 0.1874 0.1828 0.1781 0.1743 0.1738 0.1746 0.1751 0.1758 0.1785 0.1931 0.2243 0.2683 0.35 0.3967 0.4585
0.147 0.1385 0.1333 0.1323 0.1333 0.1398 0.1545 0.1707 0.1948 0.2249 0.2664 0.3208 0.3804 0.4359 0.4785 0.5092 0.5276 0.5323 0.5335 0.533 0.5324 0.5311 0.5292 0.5301 0.5344 0.5442 0.5564 0.5677 0.5758 0.5736 0.5744
0.029 0.0281 0.0276 0.0277 0.0278 0.0283 0.0291 0.0298 0.0302 0.0304 0.0306 0.0308 0.031 0.0313 0.0318 0.0329 0.0345 0.0374 0.0413 0.0442 0.0458 0.0458 0.0451 0.0459 0.049 0.059 0.0779 0.1047 0.1599 0.1973 0.2498
0.3892 0.3824 0.3765 0.3724 0.3717 0.372 0.3788 0.3882 0.4003 0.4138 0.4308 0.45 0.4691 0.4845 0.4963 0.5061 0.5109 0.5146 0.5215 0.5308 0.5402 0.5459 0.5481 0.5494 0.5514 0.5574 0.5664 0.577 0.5861 0.5865 0.5899
0.1871 0.18 0.173 0.1744 0.1821 0.2007 0.2365 0.2831 0.3493 0.4078 0.4378 0.4421 0.427 0.4013 0.3696 0.331 0.2887 0.2514 0.219 0.1857 0.1484 0.1284 0.1232 0.1196 0.1146 0.1032 0.0738 0.0525 0.0476 0.0762 0.1428
0.4542 0.4515 0.4484 0.4454 0.4447 0.4439 0.4477 0.454 0.4608 0.4672 0.4765 0.4865 0.4955 0.5022 0.5089 0.5165 0.5205 0.5259 0.5371 0.5515 0.5638 0.5709 0.5726 0.574 0.5756 0.5784 0.5813 0.5853 0.5843 0.5839 0.5852
0.5099 0.513 0.5135 0.5151 0.5172 0.5179 0.522 0.5258 0.526 0.5233 0.5185 0.5114 0.5036 0.4939 0.4859 0.4798 0.4724 0.4631 0.4547 0.4501 0.4476 0.4443 0.4406 0.4409 0.4495 0.4675 0.4922 0.5167 0.5406 0.5459 0.5572
0.0337 0.0346 0.0353 0.0359 0.0358 0.0351 0.0333 0.0307 0.0277 0.0255 0.0236 0.0226 0.022 0.022 0.0225 0.0236 0.025 0.0286 0.0366 0.0453 0.0525 0.0548 0.0557 0.0566 0.0617 0.0745 0.098 0.1303 0.1935 0.2339 0.2901
0.392 0.4366 0.4649 0.4897 0.5101 0.5211 0.527 0.5326 0.5345 0.5333 0.5271 0.5149 0.4976 0.473 0.4423 0.4041 0.3613 0.3211 0.2856 0.2489 0.2086 0.1854 0.1766 0.1717 0.168 0.1562 0.1258 0.1012 0.1029 0.1506 0.233
0.0242 0.0228 0.022 0.0218 0.0219 0.0222 0.023 0.0241 0.0256 0.0275 0.031 0.0355 0.0432 0.0542 0.0666 0.0793 0.0925 0.105 0.1157 0.1227 0.1257 0.1257 0.1241 0.1246 0.133 0.1547 0.1903 0.2348 0.3088 0.3454 0.393
0.0824 0.0745 0.0702 0.0677 0.0653 0.0633 0.0607 0.0576 0.054 0.0513 0.0505 0.0512 0.0542 0.0582 0.0667 0.0851 0.1186 0.1733 0.2238 0.251 0.2607 0.2592 0.2566 0.2571 0.2689 0.2958 0.336 0.3821 0.4427 0.4642 0.4914
0.1248 0.115 0.1096 0.1072 0.1053 0.1045 0.1028 0.0998 0.0953 0.0913 0.0903 0.0913 0.0964 0.1036 0.1175 0.1483 0.2028 0.2973 0.3996 0.4694 0.5045 0.5157 0.5162 0.5177 0.524 0.5349 0.549 0.5616 0.5707 0.5691 0.5706
0.2591 0.2542 0.2508 0.2505 0.2515 0.2557 0.2657 0.2748 0.2844 0.2934 0.3024 0.3112 0.3196 0.3269 0.333 0.3436 0.3626 0.394 0.4249 0.4462 0.4584 0.4606 0.4605 0.4614 0.4695 0.4846 0.5045 0.5239 0.5409 0.5433 0.5483
0.0583 0.0594 0.0597 0.0594 0.0592 0.0603 0.0622 0.0647 0.0682 0.0723 0.0787 0.0818 0.082 0.0777 0.0704 0.0618 0.0535 0.0461 0.0408 0.0371 0.0337 0.0321 0.032 0.0332 0.0349 0.0349 0.0318 0.0274 0.0271 0.0401 0.0745
0.2115 0.2367 0.2548 0.2629 0.2583 0.2443 0.2163 0.1908 0.1607 0.1345 0.1151 0.0978 0.0859 0.0806 0.0786 0.0781 0.0787 0.0874 0.1122 0.154 0.2066 0.2531 0.2774 0.2885 0.2968 0.3142 0.3468 0.3903 0.4594 0.4873 0.5229
0.1463 0.1442 0.1413 0.1388 0.136 0.1354 0.1362 0.1377 0.1392 0.1402 0.1413 0.1417 0.1408 0.1393 0.1373 0.1346 0.1315 0.1268 0.1263 0.1281 0.1308 0.1309 0.1295 0.1303 0.1399 0.1629 0.2004 0.2463 0.3221 0.3597 0.4089
0.218 0.2139 0.2109 0.2106 0.2115 0.2156 0.2231 0.2296 0.2356 0.2402 0.2452 0.2493 0.2554 0.2616 0.268 0.2806 0.3052 0.3518 0.4065 0.4517 0.482 0.4955 0.4978 0.5006 0.5081 0.5213 0.5384 0.5543 0.5675 0.5679 0.5705
0.3476 0.3252 0.3114 0.3085 0.3163 0.3322 0.3658 0.4039 0.4475 0.4777 0.4868 0.4843 0.4759 0.4683 0.461 0.4536 0.4466 0.4456 0.445 0.4444 0.4433 0.4399 0.4357 0.4359 0.445 0.464 0.4888 0.5147 0.5394 0.5458 0.5572
0.1133 0.1168 0.1195 0.1208 0.1198 0.1182 0.1136 0.1062 0.0964 0.0869 0.0787 0.0718 0.0693 0.0685 0.0694 0.073 0.0841 0.1095 0.1453 0.1795 0.2039 0.2129 0.2143 0.2167 0.2299 0.2568 0.2976 0.3452 0.413 0.4387 0.4718
0.2031 0.1773 0.1635 0.1606 0.1674 0.1853 0.2219 0.27 0.3397 0.4007 0.4301 0.4324 0.426 0.4139 0.4074 0.4045 0.4014 0.4013 0.4066 0.4209 0.4349 0.4397 0.4396 0.4412 0.4513 0.4723 0.5007 0.53 0.5589 0.5655 0.5765
0.3295 0.3444 0.3551 0.3643 0.3685 0.3627 0.3305 0.2944 0.2503 0.2161 0.1906 0.1637 0.147 0.1445 0.1427 0.1386 0.1376 0.1698 0.2411 0.3357 0.4215 0.4738 0.4923 0.4996 0.5049 0.5129 0.527 0.5429 0.557 0.559 0.5633
0.3404 0.3279 0.3194 0.3173 0.3212 0.331 0.3526 0.3761 0.404 0.4303 0.4554 0.4784 0.4958 0.5045 0.5066 0.5072 0.5037 0.4965 0.4876 0.4811 0.4776 0.4737 0.4699 0.47 0.4773 0.4922 0.5118 0.5321 0.5486 0.5518 0.5581
0.0804 0.0745 0.0699 0.0697 0.0728 0.0822 0.1018 0.1285 0.1679 0.2016 0.212 0.2071 0.1899 0.1689 0.1477 0.1267 0.1064 0.088 0.0733 0.0618 0.0511 0.045 0.0425 0.042 0.0421 0.041 0.0346 0.0289 0.0281 0.04 0.0721
0.2856 0.3145 0.3287 0.3384 0.3456 0.3488 0.3498 0.3483 0.3383 0.3224 0.3036 0.2821 0.2607 0.2378 0.2168 0.1961 0.1763 0.1556 0.1374 0.1226 0.1086 0.0996 0.0963 0.096 0.098 0.0969 0.0886 0.0781 0.0762 0.1149 0.1934
0.1327 0.1093 0.0978 0.0956 0.1019 0.1162 0.1491 0.1979 0.2851 0.3893 0.4769 0.5301 0.5465 0.547 0.5461 0.5449 0.5416 0.5384 0.5347 0.5326 0.5317 0.5305 0.5284 0.5287 0.5321 0.5408 0.5523 0.563 0.5706 0.5697 0.5718
0.2795 0.2595 0.247 0.2446 0.2516 0.2668 0.2977 0.3333 0.3734 0.3968 0.3972 0.3907 0.3758 0.3587 0.3445 0.3325 0.3191 0.3041 0.2914 0.2844 0.2802 0.2753 0.2702 0.2705 0.2819 0.3086 0.3488 0.3947 0.4558 0.4769 0.5062
0.0583 0.0459 0.0407 0.0402 0.0428 0.0495 0.0675 0.0986 0.1666 0.2669 0.3795 0.4742 0.5231 0.544 0.5511 0.5527 0.5475 0.5386 0.5285 0.5105 0.4788 0.4575 0.4585 0.4582 0.4516 0.4266 0.3653 0.3013 0.2744 0.3153 0.3973
0.1445 0.1644 0.1795 0.1877 0.183 0.169 0.1398 0.1148 0.091 0.0735 0.0615 0.0528 0.05 0.0491 0.0502 0.054 0.0649 0.0972 0.1604 0.2544 0.368 0.4708 0.5288 0.5592 0.5738 0.5801 0.5833 0.5862 0.5832 0.5791 0.5749
0.15 0.1431 0.1386 0.1375 0.1383 0.1442 0.157 0.1706 0.1893 0.2104 0.2363 0.2651 0.2893 0.3059 0.318 0.3273 0.3319 0.3363 0.3514 0.3745 0.3964 0.4076 0.409 0.4118 0.4237 0.446 0.476 0.5071 0.5385 0.5457 0.5549
0.0782 0.0792 0.0798 0.0802 0.0798 0.08 0.0792 0.0766 0.0722 0.0677 0.0632 0.0593 0.0572 0.0564 0.0568 0.0589 0.065 0.0784 0.0938 0.1063 0.1134 0.1137 0.1128 0.1136 0.1225 0.1433 0.178 0.2211 0.2925 0.3295 0.3777
0.1402 0.175 0.197 0.2205 0.2487 0.2773 0.311 0.3496 0.3851 0.4002 0.3899 0.3593 0.3184 0.2714 0.2241 0.1752 0.1314 0.0999 0.0771 0.0592 0.0439 0.037 0.0343 0.0332 0.032 0.0291 0.0237 0.021 0.0216 0.0273 0.0468
0.0833 0.067 0.0593 0.0587 0.0617 0.0718 0.0954 0.1336 0.2068 0.2997 0.3809 0.427 0.4334 0.4251 0.4111 0.3965 0.38 0.3601 0.3413 0.3263 0.3121 0.301 0.2965 0.2965 0.304 0.3154 0.3154 0.302 0.2972 0.3419 0.4173
0.0647 0.0604 0.0581 0.0574 0.0582 0.0617 0.0678 0.0757 0.0875 0.1021 0.1216 0.1462 0.1701 0.1891 0.2041 0.2155 0.2228 0.2295 0.2471 0.2753 0.3039 0.3202 0.3241 0.3284 0.3422 0.3694 0.4071 0.4481 0.4963 0.5094 0.5256
0.2229 0.2063 0.1957 0.1919 0.1932 0.2002 0.2162 0.2358 0.2627 0.2911 0.323 0.361 0.4042 0.449 0.488 0.5196 0.5407 0.55 0.5541 0.5563 0.5583 0.5588 0.5582 0.5588 0.5611 0.5658 0.571 0.5769 0.5775 0.5761 0.5763
0.1191 0.1207 0.1216 0.1222 0.1218 0.1222 0.1215 0.1184 0.1129 0.1065 0.1004 0.0942 0.0911 0.0893 0.0886 0.0899 0.0961 0.1078 0.1193 0.1271 0.1299 0.1296 0.1277 0.1285 0.138 0.161 0.1982 0.244 0.3185 0.3552 0.4027
0.3319 0.3379 0.3403 0.3405 0.3386 0.3367 0.336 0.3343 0.3281 0.3184 0.3089 0.2981 0.286 0.2746 0.269 0.2656 0.2622 0.2623 0.2677 0.2825 0.2965 0.3015 0.3015 0.3035 0.3159 0.3432 0.3825 0.4266 0.4815 0.4988 0.5231
0.0356 0.0349 0.0346 0.0348 0.035 0.0355 0.036 0.0358 0.0349 0.0338 0.0325 0.0317 0.0313 0.0315 0.0324 0.0346 0.0385 0.048 0.0637 0.08 0.0922 0.0963 0.0967 0.0981 0.1061 0.1254 0.1582 0.1997 0.2712 0.3103 0.3614
0.2384 0.2469 0.2497 0.2504 0.2485 0.2465 0.2438 0.2393 0.227 0.2087 0.19 0.1711 0.155 0.1414 0.1331 0.1272 0.1213 0.1162 0.1156 0.1173 0.1203 0.1205 0.1192 0.1201 0.1291 0.1511 0.187 0.2319 0.3063 0.3442 0.3943
0.2118 0.2094 0.206 0.2026 0.1999 0.1992 0.2009 0.2036 0.2067 0.2089 0.212 0.214 0.2147 0.214 0.213 0.2114 0.2086 0.2047 0.2051 0.2106 0.2168 0.2168 0.2155 0.2168 0.2285 0.2554 0.2967 0.3449 0.4134 0.44 0.4747
0.0823 0.0672 0.0604 0.0598 0.0629 0.0728 0.0961 0.1332 0.2038 0.2924 0.366 0.4027 0.401 0.3815 0.3574 0.3338 0.312 0.2919 0.2718 0.2542 0.2396 0.2341 0.2335 0.2335 0.2331 0.2318 0.2209 0.2031 0.1978 0.2423 0.3248
0.448 0.4497 0.4488 0.4468 0.4456 0.4435 0.445 0.4478 0.4495 0.4506 0.453 0.4547 0.4552 0.4538 0.4524 0.4514 0.4486 0.4452 0.4454 0.4478 0.4513 0.4516 0.45 0.4506 0.4591 0.4765 0.4994 0.5223 0.5436 0.5483 0.5577
0.1305 0.1293 0.1277 0.1277 0.1281 0.1311 0.1352 0.1384 0.1407 0.1415 0.1417 0.1411 0.1399 0.1385 0.1365 0.1362 0.1388 0.1426 0.1445 0.1445 0.1434 0.1401 0.1364 0.1371 0.1467 0.1701 0.2083 0.2549 0.3309 0.3672 0.415
0.2129 0.2129 0.212 0.2121 0.2122 0.2139 0.2147 0.2135 0.2098 0.2043 0.1989 0.1943 0.1939 0.1954 0.2005 0.2124 0.2381 0.2911 0.3637 0.4374 0.4981 0.5339 0.5471 0.5542 0.5616 0.5707 0.5814 0.5907 0.5952 0.5942 0.5949
0.5492 0.5553 0.5579 0.5601 0.5616 0.5608 0.5638 0.5675 0.57 0.5716 0.5749 0.5776 0.5793 0.579 0.5795 0.582 0.5824 0.5838 0.5871 0.5901 0.5938 0.5958 0.596 0.5962 0.5967 0.5978 0.5992 0.6018 0.6 0.5996 0.601
0.04 0.0394 0.039 0.0392 0.0395 0.0404 0.0414 0.042 0.0421 0.0419 0.0413 0.0406 0.0397 0.039 0.0382 0.0378 0.0381 0.0384 0.0388 0.0388 0.0384 0.0375 0.0367 0.0374 0.0399 0.0481 0.0643 0.0877 0.1386 0.1757 0.2282
0.4797 0.499 0.5116 0.5189 0.5201 0.5142 0.5045 0.4949 0.4785 0.4584 0.4402 0.4215 0.4051 0.3909 0.3847 0.3832 0.3826 0.3849 0.4007 0.4251 0.4503 0.4678 0.4741 0.4769 0.4814 0.4921 0.5116 0.5346 0.5601 0.5665 0.5775
0.1725 0.165 0.1587 0.1555 0.1558 0.1597 0.1691 0.1796 0.1912 0.1993 0.2036 0.2054 0.2039 0.1974 0.1876 0.1764 0.1642 0.1482 0.1335 0.1242 0.119 0.1139 0.1103 0.1101 0.1184 0.1394 0.1746 0.2193 0.2947 0.3344 0.3877
0.0698 0.0693 0.0691 0.0694 0.0694 0.07 0.0696 0.0679 0.0646 0.0612 0.0575 0.0551 0.0539 0.0546 0.0566 0.061 0.0727 0.1054 0.1633 0.2408 0.3212 0.3807 0.4064 0.4204 0.4359 0.4584 0.4865 0.5146 0.5417 0.5465 0.5516
0.1055 0.0984 0.0937 0.0916 0.0919 0.0955 0.1021 0.1114 0.1251 0.1423 0.1651 0.195 0.2283 0.259 0.2806 0.2916 0.2934 0.2817 0.2679 0.2574 0.2513 0.245 0.2395 0.2399 0.2515 0.2794 0.3218 0.3703 0.4374 0.4617 0.4923
0.2885 0.285 0.2807 0.2768 0.2745 0.2744 0.2776 0.2832 0.2896 0.2963 0.3039 0.3117 0.3156 0.316 0.3136 0.3087 0.3001 0.2868 0.2751 0.2681 0.2645 0.2598 0.255 0.2558 0.2676 0.2948 0.336 0.3834 0.4485 0.4729 0.5059
0.2742 0.264 0.2571 0.2548 0.2561 0.2609 0.2732 0.2861 0.3015 0.3183 0.3394 0.3656 0.3927 0.4164 0.4411 0.4762 0.5191 0.5583 0.5826 0.5925 0.5955 0.5962 0.5952 0.5958 0.5984 0.6042 0.6107 0.6176 0.6199 0.6185 0.6191
0.3058 0.3473 0.3926 0.4411 0.4705 0.4775 0.4585 0.4353 0.4018 0.3659 0.3323 0.2988 0.269 0.2404 0.216 0.1959 0.1805 0.1663 0.1535 0.1454 0.1444 0.1452 0.1461 0.147 0.1492 0.162 0.1905 0.2318 0.3144 0.3679 0.4413
0.0841 0.0843 0.0845 0.0848 0.0847 0.0853 0.0847 0.0823 0.0782 0.0734 0.0688 0.065 0.0633 0.063 0.064 0.0672 0.0766 0.0971 0.1238 0.1474 0.1632 0.1674 0.1673 0.1693 0.1807 0.2063 0.2466 0.2955 0.3692 0.4024 0.4448
0.453 0.4485 0.4443 0.4441 0.4486 0.4552 0.4685 0.4812 0.4882 0.4875 0.4809 0.47 0.4585 0.447 0.4391 0.4343 0.4286 0.4233 0.4227 0.4245 0.4279 0.4282 0.4264 0.427 0.4364 0.4563 0.4831 0.5105 0.5377 0.5445 0.5577
0.1012 0.0975 0.0953 0.0945 0.094 0.0953 0.0972 0.0991 0.1011 0.1028 0.1045 0.1052 0.1065 0.1092 0.111 0.1104 0.1099 0.1223 0.1463 0.1671 0.1812 0.1897 0.1924 0.1943 0.197 0.211 0.2417 0.2852 0.3665 0.4131 0.4737
0.531 0.536 0.5381 0.5402 0.5424 0.5422 0.545 0.5479 0.5474 0.5445 0.5405 0.5349 0.5291 0.5226 0.5193 0.5179 0.5157 0.5148 0.5159 0.5196 0.5242 0.5256 0.525 0.5261 0.5302 0.5393 0.5511 0.5627 0.571 0.572 0.5771
0.0803 0.0752 0.0726 0.0719 0.0728 0.0768 0.0832 0.091 0.1024 0.1158 0.1331 0.1542 0.1769 0.199 0.2178 0.2387 0.2685 0.318 0.3789 0.4334 0.4736 0.4941 0.5 0.5047 0.5141 0.5289 0.547 0.5638 0.5775 0.5773 0.5791
0.0568 0.0451 0.0402 0.0397 0.0421 0.0484 0.0653 0.0938 0.1532 0.2363 0.3251 0.4019 0.4529 0.4861 0.5036 0.5059 0.4939 0.474 0.452 0.4188 0.3673 0.3359 0.3355 0.3335 0.324 0.2943 0.2293 0.1694 0.149 0.188 0.2765
0.0891 0.0848 0.0825 0.0817 0.0823 0.0859 0.0915 0.0974 0.1045 0.1121 0.1203 0.1286 0.1375 0.1462 0.1531 0.1638 0.1845 0.2235 0.2715 0.313 0.3402 0.3507 0.3516 0.3543 0.3662 0.3918 0.4271 0.4649 0.5085 0.5191 0.5339
0.049 0.0455 0.0434 0.0433 0.045 0.0486 0.0573 0.0687 0.0872 0.111 0.143 0.1852 0.2321 0.2718 0.2884 0.275 0.2424 0.2051 0.1728 0.1407 0.1057 0.0868 0.0817 0.0783 0.075 0.0661 0.0466 0.0324 0.0338 0.045 0.0842
0.3859 0.3826 0.3798 0.3802 0.3819 0.3854 0.3947 0.4033 0.4112 0.4184 0.4265 0.4343 0.4425 0.4496 0.4566 0.4689 0.4868 0.5141 0.5406 0.5589 0.5702 0.5751 0.5763 0.5769 0.5777 0.5791 0.5807 0.5831 0.5806 0.5791 0.5795
0.2517 0.2478 0.2429 0.2384 0.2361 0.2361 0.2391 0.2446 0.2514 0.2586 0.2672 0.276 0.2815 0.2816 0.2787 0.272 0.2617 0.2461 0.2318 0.2229 0.2176 0.2119 0.2068 0.2073 0.2183 0.2451 0.2863 0.3351 0.4064 0.4355 0.4742
0.5715 0.5764 0.5791 0.5813 0.5817 0.5775 0.5736 0.5698 0.562 0.5532 0.5465 0.5413 0.5407 0.5407 0.544 0.5541 0.5678 0.5844 0.5977 0.6053 0.6094 0.6114 0.6115 0.6116 0.6118 0.6124 0.6135 0.6159 0.6137 0.6132 0.615
0.3378 0.3251 0.3161 0.3117 0.3143 0.3196 0.3348 0.3522 0.3729 0.3921 0.4115 0.4314 0.4502 0.466 0.4793 0.4905 0.4977 0.5037 0.5126 0.5228 0.5316 0.5356 0.5375 0.5384 0.5392 0.5403 0.5414 0.5436 0.5408 0.5397 0.5401
0.1092 0.1042 0.1012 0.1005 0.1014 0.1056 0.1121 0.1194 0.1283 0.1375 0.1478 0.1586 0.17 0.1813 0.1908 0.2049 0.2309 0.2827 0.3512 0.4169 0.4665 0.4929 0.501 0.5058 0.5137 0.5255 0.5399 0.5531 0.5624 0.5607 0.5616
0.3061 0.3022 0.298 0.2933 0.291 0.2904 0.293 0.2978 0.3031 0.3074 0.3135 0.3189 0.3228 0.3245 0.3265 0.3282 0.3278 0.328 0.3325 0.3444 0.3555 0.3581 0.3585 0.3603 0.3719 0.3966 0.431 0.4675 0.5103 0.5225 0.5413
0.208 0.217 0.2201 0.2193 0.2141 0.2077 0.1999 0.193 0.1827 0.1707 0.1602 0.1493 0.1389 0.1299 0.1243 0.1198 0.1156 0.1116 0.1124 0.1158 0.1202 0.1207 0.1197 0.1207 0.1304 0.1529 0.1901 0.2365 0.3133 0.352 0.4029
0.0488 0.048 0.0472 0.0464 0.0449 0.0438 0.0432 0.0425 0.0414 0.04 0.0385 0.0374 0.0361 0.0357 0.0363 0.0376 0.0391 0.0424 0.0513 0.0742 0.1131 0.1552 0.1795 0.1955 0.214 0.2435 0.2866 0.3361 0.407 0.4351 0.4703
0.3133 0.3331 0.3488 0.363 0.371 0.3652 0.3323 0.2952 0.2499 0.2148 0.1884 0.161 0.1432 0.139 0.1364 0.1313 0.1289 0.1546 0.2073 0.2661 0.3105 0.3353 0.3433 0.3462 0.3509 0.3661 0.3978 0.4394 0.5007 0.5233 0.5524
0.108 0.1008 0.0965 0.0957 0.0967 0.102 0.1135 0.127 0.147 0.1729 0.2094 0.2594 0.3171 0.3735 0.4188 0.4527 0.4745 0.4821 0.4865 0.4897 0.4928 0.493 0.4915 0.4921 0.4994 0.5136 0.5317 0.549 0.5635 0.5629 0.565
0.2768 0.2679 0.2606 0.2588 0.2631 0.2727 0.2909 0.3088 0.3221 0.3227 0.3114 0.2944 0.2762 0.2581 0.2435 0.2316 0.2194 0.2055 0.1945 0.1893 0.186 0.1818 0.1775 0.178 0.1885 0.2133 0.2533 0.301 0.373 0.405 0.4475
0.0715 0.0698 0.0689 0.068 0.0641 0.0584 0.0485 0.0407 0.0341 0.0297 0.0272 0.026 0.0257 0.0262 0.0281 0.0319 0.0401 0.0659 0.1174 0.1909 0.2686 0.3238 0.3465 0.3593 0.3758 0.4022 0.4378 0.4747 0.5163 0.5273 0.5411
0.0467 0.0394 0.0358 0.0355 0.0378 0.0434 0.0581 0.0832 0.1368 0.2107 0.2787 0.3168 0.3153 0.2931 0.2623 0.2246 0.1853 0.152 0.1252 0.1012 0.0766 0.0628 0.0593 0.0573 0.055 0.0501 0.037 0.0268 0.0284 0.0363 0.0662
0.1374 0.1317 0.1273 0.1248 0.1232 0.1236 0.1251 0.1273 0.1303 0.1332 0.1375 0.1429 0.1517 0.1626 0.1731 0.188 0.2144 0.266 0.3343 0.4007 0.4515 0.479 0.4876 0.493 0.5025 0.5162 0.5334 0.55 0.5613 0.5626 0.5646
0.2027 0.2264 0.2359 0.2474 0.2652 0.287 0.319 0.3561 0.3949 0.4169 0.417 0.3998 0.3717 0.3358 0.2967 0.252 0.2072 0.1703 0.1405 0.1131 0.0858 0.072 0.0675 0.0651 0.0626 0.0554 0.0411 0.0318 0.0296 0.0467 0.0914
0.2657 0.2577 0.2523 0.2504 0.2518 0.2569 0.269 0.2808 0.2948 0.3086 0.3247 0.3431 0.3583 0.3701 0.3845 0.4046 0.426 0.4504 0.4836 0.5245 0.5625 0.5866 0.596 0.5995 0.602 0.6038 0.605 0.6069 0.6042 0.6009 0.5997
0.1 0.1064 0.1098 0.1126 0.1169 0.1237 0.134 0.1447 0.1571 0.1695 0.1822 0.1921 0.191 0.1845 0.168 0.1464 0.1231 0.1012 0.0839 0.0694 0.0556 0.048 0.0455 0.0445 0.0439 0.0416 0.0339 0.028 0.0272 0.0401 0.0745
0.049 0.0463 0.0442 0.043 0.0407 0.0378 0.0346 0.0311 0.028 0.0259 0.0246 0.0243 0.0244 0.0251 0.0268 0.0308 0.0361 0.0582 0.1078 0.1928 0.3079 0.4276 0.5065 0.5533 0.5764 0.5869 0.5921 0.5954 0.593 0.5888 0.5838
0.1162 0.0952 0.0856 0.086 0.0921 0.1088 0.1482 0.2097 0.3171 0.4252 0.4858 0.5018 0.4991 0.4957 0.4929 0.4858 0.4756 0.4783 0.4839 0.4744 0.4472 0.4403 0.4377 0.4287 0.4114 0.3702 0.3073 0.2765 0.3007 0.3782 0.461
0.1297 0.1736 0.2188 0.2754 0.3307 0.3663 0.3637 0.35 0.3175 0.2792 0.242 0.2044 0.1718 0.1415 0.1152 0.0926 0.0744 0.0607 0.0501 0.0422 0.0361 0.0335 0.0321 0.0319 0.0314 0.0295 0.0264 0.0237 0.0244 0.0298 0.0468
0.4758 0.4751 0.4733 0.4739 0.4758 0.4781 0.487 0.4966 0.5069 0.5167 0.5281 0.5388 0.5466 0.5499 0.5523 0.5554 0.556 0.5567 0.5584 0.5604 0.5633 0.5645 0.5642 0.5646 0.5665 0.5706 0.575 0.5803 0.5807 0.5811 0.5832
0.2022 0.251 0.3007 0.3602 0.4112 0.4373 0.4301 0.4118 0.378 0.3395 0.3016 0.263 0.2286 0.1957 0.166 0.1402 0.1196 0.1026 0.088 0.0762 0.067 0.063 0.0619 0.0616 0.061 0.0592 0.0526 0.046 0.0444 0.0636 0.1075
0.431 0.4179 0.4088 0.4074 0.4138 0.425 0.449 0.4747 0.5025 0.5237 0.5375 0.5456 0.5488 0.5482 0.5445 0.541 0.5355 0.5265 0.5173 0.5103 0.5065 0.5024 0.4989 0.4987 0.5064 0.5212 0.5403 0.5589 0.5755 0.5801 0.5893
0.109 0.0948 0.0869 0.0863 0.0902 0.1029 0.1308 0.171 0.2413 0.3242 0.3976 0.4495 0.4696 0.467 0.4465 0.4087 0.3613 0.3189 0.2816 0.2404 0.1907 0.1643 0.1588 0.1538 0.1484 0.1297 0.091 0.0618 0.0626 0.0839 0.1518
0.0757 0.0687 0.0651 0.0632 0.0608 0.0577 0.0525 0.0479 0.043 0.0406 0.0395 0.0395 0.0407 0.0474 0.0635 0.0856 0.1082 0.1401 0.19 0.2424 0.2786 0.2929 0.2942 0.2971 0.3105 0.3363 0.3741 0.4169 0.4716 0.491 0.515
0.0354 0.0352 0.0355 0.0361 0.0366 0.0373 0.0383 0.0395 0.0406 0.0415 0.0424 0.043 0.0428 0.042 0.0405 0.0386 0.0369 0.0353 0.0344 0.0343 0.0353 0.0366 0.0377 0.0385 0.0396 0.0426 0.0514 0.0661 0.1064 0.1508 0.2198
0.3843 0.3757 0.3687 0.3639 0.363 0.3634 0.3712 0.3818 0.3962 0.4124 0.434 0.459 0.4855 0.5085 0.5266 0.5407 0.5489 0.5528 0.5567 0.5598 0.5632 0.5653 0.5658 0.5662 0.5673 0.5701 0.5736 0.5785 0.5788 0.5786 0.58
0.1372 0.122 0.114 0.112 0.1141 0.1198 0.127 0.1306 0.1309 0.1245 0.1155 0.1092 0.1078 0.109 0.1156 0.1328 0.166 0.2314 0.3216 0.4149 0.4921 0.5387 0.5567 0.5647 0.5676 0.5698 0.5708 0.5721 0.5679 0.5643 0.5622
0.1136 0.1262 0.1313 0.1372 0.1495 0.1676 0.1961 0.2321 0.2763 0.307 0.3118 0.2953 0.2662 0.2309 0.1943 0.1559 0.1199 0.0926 0.0726 0.0566 0.043 0.0365 0.034 0.033 0.032 0.0295 0.0242 0.0215 0.0221 0.028 0.0482
0.0836 0.0809 0.0791 0.0787 0.0791 0.0813 0.0841 0.0864 0.0883 0.0894 0.0906 0.0919 0.0943 0.0979 0.1027 0.1111 0.1293 0.1708 0.2319 0.2996 0.3576 0.3924 0.4044 0.4123 0.4261 0.4484 0.4774 0.507 0.5371 0.5435 0.5511
0.422 0.4261 0.4242 0.4286 0.4379 0.4521 0.4776 0.5052 0.5341 0.5536 0.5643 0.5678 0.5681 0.5627 0.5515 0.5333 0.5084 0.4826 0.4561 0.4207 0.3724 0.3494 0.3471 0.3398 0.3322 0.3027 0.2401 0.1936 0.1807 0.2436 0.3533
0.2739 0.2758 0.2748 0.2719 0.2676 0.2634 0.2607 0.2587 0.2546 0.2487 0.2433 0.2375 0.2308 0.2258 0.2248 0.2254 0.2266 0.2288 0.244 0.2694 0.2946 0.3083 0.3104 0.3138 0.3274 0.3543 0.3932 0.4368 0.492 0.5092 0.5335
0.0931 0.0889 0.0856 0.0835 0.0815 0.0815 0.0831 0.0854 0.0889 0.092 0.0963 0.1006 0.1043 0.1069 0.1093 0.1104 0.1104 0.1101 0.1124 0.1201 0.1279 0.1295 0.1297 0.131 0.1407 0.1636 0.2012 0.2476 0.3231 0.3612 0.4107
0.2567 0.2782 0.287 0.2946 0.305 0.3166 0.3303 0.3424 0.3468 0.341 0.3259 0.3051 0.2827 0.258 0.2342 0.2102 0.1864 0.1631 0.1423 0.1246 0.1065 0.0957 0.0922 0.0912 0.0913 0.0885 0.0736 0.0592 0.057 0.0904 0.162
0.143 0.1412 0.1406 0.1404 0.1363 0.1301 0.1111 0.0932 0.0746 0.0613 0.0531 0.0465 0.0441 0.0439 0.0454 0.0478 0.0519 0.0732 0.1283 0.2279 0.3587 0.478 0.5411 0.572 0.5847 0.5883 0.5901 0.5915 0.5864 0.5817 0.5772
0.0545 0.0452 0.0411 0.0402 0.0408 0.043 0.0462 0.0496 0.0522 0.0543 0.0569 0.0591 0.064 0.08 0.1242 0.2088 0.3215 0.4274 0.509 0.5593 0.5858 0.5968 0.5994 0.601 0.6021 0.6031 0.6037 0.6046 0.6008 0.5954 0.5911
0.2053 0.178 0.1638 0.1608 0.1681 0.1868 0.2254 0.2777 0.3585 0.4376 0.4878 0.5095 0.5095 0.5054 0.5007 0.4983 0.4948 0.4909 0.4903 0.4916 0.4944 0.4947 0.4929 0.4929 0.4995 0.5123 0.5295 0.5468 0.5596 0.5619 0.5669
0.2173 0.2128 0.209 0.2082 0.2087 0.2144 0.226 0.2379 0.2515 0.2655 0.2799 0.2918 0.2961 0.2949 0.2883 0.278 0.2662 0.2531 0.2412 0.2326 0.2269 0.2207 0.2156 0.2161 0.2274 0.2544 0.296 0.3451 0.4159 0.4455 0.4837
0.3393 0.3391 0.3364 0.3369 0.339 0.3441 0.354 0.3619 0.3607 0.3534 0.3382 0.3198 0.3007 0.2827 0.2692 0.258 0.2467 0.2339 0.2245 0.2207 0.2186 0.2151 0.2109 0.2117 0.2229 0.2492 0.2901 0.3386 0.4091 0.4393 0.4794
0.3507 0.3268 0.3128 0.3103 0.319 0.3388 0.3784 0.4252 0.4855 0.5339 0.5589 0.567 0.5663 0.5602 0.553 0.5471 0.5404 0.5332 0.5255 0.5203 0.5194 0.5195 0.519 0.5196 0.5222 0.531 0.5463 0.5633 0.5802 0.5826 0.5904
0.0945 0.0986 0.1008 0.1015 0.1009 0.1007 0.0999 0.0976 0.0934 0.0884 0.083 0.0769 0.0714 0.066 0.0609 0.0566 0.0533 0.0498 0.046 0.0437 0.0419 0.0404 0.0392 0.0398 0.0425 0.0509 0.0675 0.091 0.1406 0.1758 0.2254
0.3755 0.3667 0.3601 0.3583 0.3611 0.3683 0.3859 0.4047 0.4281 0.4523 0.4798 0.5087 0.5328 0.5487 0.5586 0.5656 0.5678 0.5685 0.5681 0.5671 0.5668 0.5662 0.565 0.5652 0.5668 0.5703 0.5742 0.5789 0.5788 0.5781 0.5793
0.0495 0.0519 0.0534 0.0538 0.0533 0.0528 0.0516 0.0496 0.0465 0.0436 0.0402 0.0374 0.0345 0.0326 0.0307 0.0292 0.028 0.0267 0.0258 0.0251 0.0246 0.0241 0.0238 0.0242 0.0257 0.0292 0.0377 0.0506 0.0845 0.1148 0.1597
0.1888 0.1968 0.1999 0.1999 0.1942 0.1871 0.1784 0.1707 0.1591 0.146 0.1348 0.1241 0.1147 0.1089 0.1074 0.1078 0.109 0.1131 0.1299 0.1611 0.1985 0.2252 0.2343 0.2415 0.257 0.286 0.3286 0.3771 0.4425 0.4649 0.4948
0.1919 0.2174 0.2295 0.2423 0.2607 0.2823 0.312 0.3452 0.3778 0.3931 0.3885 0.3683 0.3394 0.304 0.2665 0.2245 0.1831 0.1491 0.122 0.0981 0.0748 0.0626 0.0587 0.0567 0.0548 0.0501 0.0375 0.0294 0.0281 0.0435 0.0841
0.4854 0.4861 0.4853 0.4851 0.4853 0.4838 0.4851 0.4861 0.4846 0.4821 0.482 0.4829 0.4847 0.4859 0.4913 0.5032 0.516 0.5293 0.545 0.561 0.5738 0.5808 0.5826 0.5837 0.5845 0.5856 0.5869 0.5892 0.5867 0.5861 0.5871
0.103 0.0971 0.0924 0.0892 0.0874 0.0877 0.0898 0.0939 0.0993 0.1056 0.1136 0.1233 0.1328 0.1419 0.151 0.159 0.1645 0.1701 0.1859 0.2123 0.2397 0.2559 0.2598 0.2642 0.2783 0.3063 0.3478 0.3953 0.4588 0.4808 0.509
0.0838 0.0697 0.063 0.0622 0.0647 0.0734 0.0932 0.1218 0.1716 0.232 0.2961 0.3631 0.425 0.4772 0.5152 0.543 0.5609 0.5697 0.5743 0.5767 0.579 0.58 0.58 0.58 0.5804 0.5813 0.5819 0.5832 0.5798 0.576 0.5723
0.2605 0.236 0.2228 0.2208 0.2297 0.2504 0.2917 0.3442 0.4175 0.4812 0.5135 0.5204 0.5134 0.498 0.4804 0.4642 0.4496 0.4348 0.4181 0.4055 0.4009 0.4004 0.4 0.4002 0.4023 0.4142 0.4353 0.4615 0.4974 0.5193 0.5502
0.0562 0.0543 0.0526 0.0515 0.0502 0.0498 0.0503 0.0511 0.052 0.0526 0.0534 0.054 0.0542 0.0545 0.0553 0.0561 0.0566 0.0576 0.0616 0.0708 0.081 0.0859 0.0872 0.0892 0.097 0.1157 0.1475 0.1882 0.2591 0.2979 0.3488
0.3306 0.3445 0.3496 0.3507 0.3454 0.3366 0.326 0.3163 0.3012 0.2841 0.2688 0.2536 0.2396 0.2276 0.2215 0.2178 0.2143 0.2137 0.218 0.2313 0.2443 0.2485 0.2485 0.2506 0.2631 0.2911 0.3328 0.381 0.4478 0.4721 0.5057
0.0666 0.0613 0.0585 0.0566 0.053 0.0488 0.0425 0.0377 0.0333 0.0315 0.0312 0.0318 0.0335 0.0401 0.0619 0.1137 0.1918 0.2582 0.2991 0.3244 0.3413 0.3468 0.3471 0.3491 0.3608 0.3857 0.4212 0.4589 0.5029 0.5144 0.5292
0.1479 0.1413 0.136 0.1327 0.1306 0.1314 0.1351 0.1404 0.1481 0.1568 0.1677 0.1799 0.1914 0.2001 0.206 0.2078 0.2074 0.2021 0.2013 0.2026 0.2051 0.2045 0.2023 0.2031 0.2146 0.242 0.2847 0.3352 0.4103 0.4414 0.4816
0.2941 0.3374 0.3679 0.3998 0.4304 0.4531 0.4698 0.4829 0.4823 0.4742 0.4543 0.4263 0.3953 0.3601 0.3238 0.2858 0.2495 0.2187 0.1912 0.1644 0.1365 0.1223 0.1187 0.1161 0.112 0.1027 0.078 0.0593 0.0552 0.0855 0.1514
0.2183 0.2192 0.2189 0.2192 0.2198 0.223 0.2274 0.2313 0.2333 0.2338 0.2336 0.2324 0.2305 0.2282 0.2256 0.2253 0.2283 0.2333 0.2352 0.2349 0.2333 0.2292 0.2246 0.2255 0.2371 0.2641 0.3057 0.3543 0.4242 0.4513 0.4875
0.1063 0.1004 0.0966 0.0957 0.0965 0.1003 0.1092 0.1188 0.1319 0.1474 0.1667 0.1894 0.2131 0.2348 0.2521 0.2709 0.2975 0.343 0.3973 0.4444 0.478 0.494 0.4974 0.5018 0.5093 0.5243 0.5432 0.561 0.5759 0.5766 0.5782
0.2469 0.2686 0.2882 0.3055 0.3153 0.3107 0.2773 0.2403 0.197 0.1643 0.141 0.1171 0.1022 0.0981 0.0952 0.0904 0.0882 0.105 0.1399 0.1765 0.2033 0.2185 0.2236 0.2256 0.2287 0.2436 0.2753 0.3195 0.3987 0.4383 0.4901
0.1949 0.1923 0.1904 0.1905 0.1911 0.1945 0.1984 0.2012 0.2022 0.2018 0.2012 0.2009 0.2025 0.2062 0.2119 0.2235 0.2489 0.3021 0.371 0.4353 0.4832 0.508 0.5155 0.5201 0.5282 0.5404 0.5551 0.5682 0.5786 0.5773 0.5794
0.1076 0.0882 0.079 0.0772 0.0821 0.0937 0.121 0.1601 0.225 0.2899 0.3261 0.3333 0.3287 0.3218 0.3174 0.3173 0.3235 0.3355 0.345 0.3483 0.3495 0.3473 0.3425 0.3425 0.3533 0.3796 0.4178 0.4597 0.5098 0.5241 0.5438
0.0448 0.0359 0.0322 0.032 0.0339 0.039 0.051 0.0734 0.1236 0.1965 0.272 0.3286 0.3539 0.3652 0.3751 0.3861 0.3938 0.4071 0.4374 0.4831 0.5305 0.5627 0.5762 0.5824 0.5853 0.5876 0.5888 0.5902 0.5867 0.5827 0.5787
0.3802 0.3864 0.3884 0.3868 0.3832 0.3773 0.3732 0.3695 0.3622 0.3529 0.3444 0.3354 0.3258 0.3164 0.312 0.3093 0.3054 0.3045 0.3081 0.3201 0.331 0.3336 0.3338 0.3356 0.3474 0.3733 0.4103 0.4511 0.4992 0.5136 0.5344
0.0748 0.0816 0.0862 0.0885 0.0871 0.0828 0.0716 0.0612 0.0508 0.0431 0.0381 0.0352 0.0334 0.0332 0.034 0.0359 0.0405 0.0565 0.0908 0.1466 0.2154 0.2753 0.3055 0.3236 0.343 0.3716 0.4094 0.4503 0.5017 0.5183 0.539
0.0499 0.0398 0.0357 0.0353 0.0374 0.043 0.0582 0.0849 0.1447 0.2347 0.3404 0.4373 0.4987 0.5321 0.5495 0.5574 0.558 0.5556 0.5508 0.54 0.5189 0.5037 0.5046 0.5042 0.5004 0.4813 0.4316 0.3737 0.3449 0.3807 0.4485
0.0931 0.2589 0.6393 0.9302 0.9815 0.9283 0.8145 0.7566 0.7394 0.7013 0.6797 0.6594 0.6425 0.6279 0.6189 0.6148 0.6098 0.6069 0.604 0.6019 0.6009 0.6001 0.5988 0.5983 0.5982 0.5984 0.5985 0.5992 0.5948 0.5894 0.5825
0.3381 0.3391 0.3382 0.3381 0.3388 0.3412 0.3479 0.3541 0.3582 0.3601 0.3612 0.3606 0.3552 0.3462 0.3394 0.3337 0.3261 0.3174 0.3151 0.3155 0.3169 0.3162 0.3129 0.3141 0.326 0.353 0.3918 0.4356 0.4911 0.5088 0.5336
0.135 0.1327 0.1294 0.127 0.1243 0.1239 0.1252 0.1271 0.1294 0.1312 0.1335 0.1351 0.1354 0.1347 0.1335 0.1315 0.1285 0.1242 0.1237 0.1255 0.1283 0.1284 0.1271 0.128 0.1373 0.1597 0.1967 0.242 0.3162 0.3538 0.4029
0.0646 0.0648 0.0644 0.0643 0.0643 0.0653 0.0665 0.067 0.0666 0.0656 0.064 0.0622 0.0601 0.0584 0.0565 0.0554 0.0555 0.0554 0.0551 0.0545 0.0535 0.0521 0.0507 0.0515 0.0553 0.0671 0.0893 0.1199 0.1812 0.2217 0.2779
0.1398 0.1304 0.1235 0.1208 0.1222 0.1282 0.1404 0.1543 0.1701 0.1802 0.183 0.1833 0.1779 0.1686 0.1571 0.1455 0.1332 0.1182 0.105 0.0969 0.0923 0.0881 0.0851 0.0848 0.0916 0.1097 0.1416 0.1835 0.2587 0.3028 0.3622
0.4715 0.4614 0.4547 0.4533 0.4599 0.4698 0.4907 0.5129 0.5333 0.5415 0.5429 0.5393 0.532 0.5238 0.5187 0.5159 0.512 0.5093 0.5086 0.5113 0.5142 0.5148 0.5136 0.5132 0.5197 0.5334 0.5518 0.5697 0.5862 0.5895 0.6
0.3303 0.3158 0.3047 0.2955 0.2909 0.29 0.294 0.3033 0.3174 0.3353 0.3604 0.3939 0.4341 0.4768 0.5146 0.5455 0.566 0.5777 0.5893 0.6012 0.61 0.6149 0.6172 0.6176 0.6188 0.6211 0.6245 0.6292 0.6302 0.6298 0.6326
0.0325 0.0317 0.0314 0.0314 0.0316 0.0321 0.033 0.0338 0.0343 0.0347 0.035 0.0352 0.0351 0.035 0.0347 0.035 0.0361 0.0376 0.04 0.0417 0.0429 0.0431 0.0436 0.0456 0.0529 0.0709 0.1057 0.1558 0.2568 0.3194 0.402
0.0726 0.0636 0.0591 0.0574 0.0575 0.0606 0.0662 0.0751 0.0884 0.1048 0.1267 0.1578 0.2016 0.2608 0.3294 0.401 0.4656 0.5112 0.5431 0.5642 0.577 0.5849 0.5891 0.5911 0.5935 0.5958 0.5979 0.6002 0.5988 0.595 0.5934
0.417 0.4416 0.4615 0.4766 0.4826 0.4808 0.4736 0.4648 0.4473 0.4243 0.4016 0.3785 0.3567 0.3373 0.3241 0.3152 0.3068 0.3028 0.3044 0.3118 0.322 0.3317 0.3358 0.3365 0.3394 0.3559 0.389 0.4331 0.5011 0.5265 0.5627
0.3321 0.321 0.3136 0.3109 0.314 0.3222 0.3422 0.3647 0.3933 0.4239 0.4592 0.4981 0.5317 0.5564 0.5726 0.5835 0.5886 0.5903 0.591 0.5916 0.5911 0.5907 0.5901 0.5895 0.5902 0.5923 0.5952 0.5989 0.5989 0.5986 0.6014
0.0811 0.0821 0.0831 0.0838 0.0832 0.0829 0.0803 0.0759 0.0696 0.0635 0.0582 0.0542 0.0527 0.0528 0.0544 0.0586 0.0699 0.1027 0.1632 0.2488 0.344 0.4202 0.4572 0.4763 0.493 0.513 0.5368 0.5579 0.5791 0.5805 0.5851
0.0962 0.102 0.1045 0.1071 0.1147 0.1273 0.1476 0.1714 0.1981 0.2123 0.2085 0.1928 0.1716 0.1485 0.126 0.1038 0.0833 0.0661 0.0536 0.0441 0.0361 0.032 0.0304 0.03 0.0298 0.0285 0.0257 0.0233 0.0229 0.0311 0.0505
0.042 0.0397 0.0384 0.0379 0.0383 0.0399 0.0429 0.0466 0.0517 0.0577 0.0653 0.0744 0.0837 0.0925 0.0985 0.1054 0.1178 0.1378 0.1587 0.174 0.1823 0.1819 0.1803 0.181 0.1923 0.2189 0.261 0.3113 0.3889 0.423 0.4674
0.3285 0.3915 0.4352 0.4765 0.5163 0.5392 0.5506 0.5624 0.5625 0.5552 0.5431 0.5237 0.496 0.4599 0.416 0.3623 0.3065 0.2615 0.2241 0.1857 0.1445 0.1246 0.1193 0.1141 0.1107 0.0959 0.0667 0.0483 0.0456 0.077 0.1479
0.0892 0.0862 0.0837 0.0822 0.0803 0.0796 0.0792 0.0786 0.078 0.0775 0.0772 0.0778 0.0806 0.0844 0.0894 0.0978 0.1142 0.1511 0.2032 0.2569 0.2981 0.319 0.3243 0.3289 0.342 0.3697 0.4096 0.4531 0.5085 0.5247 0.547
0.044 0.0454 0.0466 0.0472 0.0467 0.046 0.0435 0.0401 0.036 0.0326 0.0299 0.0281 0.0269 0.0267 0.0271 0.0286 0.0308 0.038 0.0495 0.062 0.0711 0.0735 0.0744 0.0755 0.0819 0.0982 0.1269 0.1646 0.2327 0.2734 0.3288
0.5398 0.5462 0.5484 0.5498 0.5514 0.5506 0.5542 0.5587 0.5604 0.5596 0.5571 0.5536 0.5477 0.5408 0.5358 0.5326 0.5281 0.5226 0.5187 0.5179 0.517 0.5154 0.5133 0.5137 0.5188 0.5315 0.5488 0.5655 0.5815 0.5844 0.5953
0.4098 0.4081 0.4052 0.4012 0.3997 0.398 0.4008 0.4064 0.4118 0.4171 0.4243 0.4323 0.4381 0.4422 0.4481 0.4545 0.4582 0.4638 0.4786 0.5007 0.5199 0.5298 0.5322 0.5341 0.5392 0.5477 0.5596 0.5706 0.5794 0.5802 0.5873
0.1257 0.1214 0.1159 0.1176 0.1246 0.1412 0.1747 0.2225 0.3002 0.3828 0.4396 0.4576 0.4438 0.4082 0.3618 0.3051 0.2471 0.202 0.1664 0.1334 0.0993 0.0821 0.0771 0.074 0.0712 0.0626 0.0446 0.0327 0.035 0.0478 0.0909
0.2724 0.2486 0.2358 0.2329 0.2402 0.2583 0.2945 0.3403 0.4025 0.4603 0.504 0.5365 0.5548 0.5622 0.5633 0.5624 0.5586 0.5519 0.544 0.5378 0.5356 0.535 0.5345 0.5339 0.5355 0.5434 0.5585 0.5757 0.5949 0.5979 0.6078
0.2458 0.2412 0.2378 0.2366 0.2375 0.2412 0.2477 0.2543 0.2604 0.2652 0.2704 0.2752 0.2819 0.289 0.2958 0.3089 0.3346 0.3861 0.4472 0.5004 0.5352 0.5519 0.5568 0.559 0.5632 0.5701 0.5786 0.5864 0.5907 0.59 0.5927
0.1635 0.1606 0.1575 0.1538 0.1514 0.1509 0.1524 0.1549 0.158 0.1604 0.1637 0.166 0.1667 0.1658 0.1634 0.1596 0.1554 0.1471 0.143 0.1427 0.1425 0.1411 0.1381 0.1389 0.1483 0.1723 0.211 0.2585 0.3364 0.3745 0.426
0.2368 0.2531 0.266 0.2757 0.2802 0.2739 0.2393 0.203 0.1622 0.1329 0.1126 0.0922 0.0801 0.0786 0.0769 0.0747 0.0734 0.0951 0.1485 0.2272 0.3035 0.3538 0.3729 0.3791 0.3849 0.3998 0.4292 0.4658 0.5193 0.5372 0.5615
0.0354 0.034 0.0337 0.0344 0.0363 0.0398 0.0462 0.0558 0.0692 0.0765 0.0747 0.0661 0.0557 0.0469 0.0402 0.0353 0.0321 0.0297 0.0278 0.0269 0.0268 0.0271 0.0277 0.028 0.0287 0.0301 0.0345 0.0421 0.066 0.0979 0.1527
0.475 0.4597 0.4506 0.4456 0.448 0.4501 0.4555 0.4599 0.4598 0.4538 0.4487 0.4488 0.4514 0.459 0.4754 0.5071 0.5483 0.5878 0.6126 0.6245 0.628 0.6295 0.6294 0.6285 0.6285 0.6293 0.6311 0.634 0.6332 0.6332 0.6382
0.0496 0.0456 0.0436 0.043 0.0433 0.045 0.0482 0.0522 0.0577 0.0645 0.0738 0.0868 0.1027 0.1199 0.1394 0.1701 0.2186 0.2999 0.3974 0.4829 0.5408 0.5712 0.5823 0.5862 0.5886 0.5906 0.592 0.5935 0.5906 0.5864 0.5827
0.1198 0.127 0.1297 0.1318 0.1374 0.1459 0.1601 0.1775 0.2006 0.2238 0.2471 0.2705 0.2869 0.2897 0.2708 0.2315 0.1854 0.1465 0.1166 0.0906 0.0657 0.0536 0.05 0.048 0.046 0.0403 0.0303 0.0245 0.0239 0.0345 0.0652
0.5298 0.5349 0.5367 0.5369 0.5366 0.5336 0.5353 0.5389 0.5423 0.5452 0.5501 0.5552 0.5593 0.5615 0.5647 0.5692 0.5712 0.5743 0.5817 0.5917 0.5989 0.6021 0.6038 0.6038 0.6049 0.6072 0.6102 0.6141 0.6148 0.6153 0.6213
0.2227 0.2272 0.2321 0.2369 0.2405 0.2446 0.2499 0.2572 0.2662 0.2744 0.2822 0.288 0.2888 0.2813 0.2649 0.2466 0.2298 0.2123 0.1942 0.1815 0.1775 0.1777 0.1782 0.1785 0.1802 0.1936 0.224 0.2677 0.351 0.4029 0.4737
0.5 0.4988 0.4962 0.4985 0.5056 0.5162 0.5372 0.5591 0.5804 0.5925 0.5963 0.5982 0.5949 0.5887 0.5816 0.5733 0.5612 0.5476 0.5328 0.5144 0.4871 0.4734 0.4723 0.4695 0.4661 0.4481 0.3975 0.3531 0.3415 0.4063 0.5053
0.0411 0.0386 0.0371 0.0363 0.0358 0.0358 0.0356 0.0348 0.0328 0.0298 0.027 0.0253 0.0239 0.0235 0.0239 0.0252 0.0265 0.029 0.0373 0.0609 0.1169 0.2154 0.3261 0.4307 0.5078 0.5553 0.584 0.5987 0.6045 0.6007 0.5988
0.4188 0.4405 0.455 0.461 0.4577 0.4436 0.4159 0.3881 0.355 0.3254 0.3011 0.2814 0.2718 0.2699 0.2709 0.2813 0.3069 0.3577 0.4189 0.4731 0.5096 0.5264 0.5311 0.5352 0.5422 0.5556 0.5725 0.5878 0.6026 0.6047 0.6131
0.3512 0.4023 0.4442 0.4845 0.5149 0.5262 0.5228 0.5158 0.4973 0.4731 0.4478 0.4195 0.3908 0.3602 0.3302 0.3001 0.2714 0.2455 0.2225 0.1996 0.1748 0.1624 0.1597 0.1573 0.1535 0.144 0.1157 0.0928 0.088 0.1304 0.2138
0.5156 0.5205 0.5223 0.523 0.5241 0.5236 0.5277 0.5341 0.54 0.5447 0.5508 0.5563 0.559 0.5597 0.5606 0.563 0.5637 0.5649 0.5691 0.5754 0.5795 0.5818 0.5824 0.5823 0.5836 0.5867 0.5907 0.5958 0.597 0.5988 0.6035
0.0894 0.0804 0.0745 0.0737 0.076 0.0834 0.0989 0.1182 0.1414 0.1541 0.1517 0.1401 0.1255 0.1107 0.0973 0.0862 0.0765 0.0661 0.0578 0.0531 0.0497 0.0471 0.0456 0.0462 0.0494 0.0585 0.0725 0.0877 0.1138 0.1467 0.2052
0.0638 0.0505 0.0452 0.0447 0.0473 0.0555 0.0758 0.1114 0.1868 0.2951 0.4106 0.4981 0.5316 0.5354 0.5289 0.5191 0.5073 0.4941 0.4791 0.4658 0.4526 0.4467 0.4466 0.4461 0.4456 0.4436 0.4282 0.4045 0.3917 0.4305 0.4943
0.0864 0.0992 0.1065 0.1078 0.1018 0.0925 0.0803 0.0708 0.0595 0.0494 0.0422 0.0368 0.0331 0.0311 0.0301 0.0301 0.0301 0.031 0.0346 0.0434 0.0555 0.0646 0.0677 0.0716 0.0781 0.0944 0.1229 0.1608 0.2303 0.2715 0.3282
0.0637 0.0591 0.0558 0.054 0.0533 0.0541 0.0563 0.0604 0.0659 0.0732 0.0835 0.097 0.1128 0.1291 0.1421 0.1503 0.1517 0.1493 0.1464 0.1459 0.1457 0.1442 0.1413 0.142 0.1515 0.1749 0.2134 0.2607 0.3379 0.3757 0.4256
0.3852 0.36 0.3459 0.3428 0.3516 0.3704 0.4094 0.4553 0.5134 0.5603 0.5877 0.6032 0.6081 0.6095 0.61 0.611 0.6095 0.6076 0.6048 0.6037 0.6017 0.6004 0.599 0.5983 0.5999 0.604 0.6091 0.6152 0.6177 0.6194 0.6243
0.2815 0.2742 0.2682 0.263 0.2602 0.2603 0.2639 0.271 0.2798 0.2888 0.3001 0.3135 0.3244 0.334 0.3447 0.3546 0.3603 0.3686 0.3905 0.4244 0.4561 0.4742 0.4788 0.4825 0.4933 0.5125 0.537 0.5613 0.5848 0.5894 0.5995
0.1651 0.1858 0.2064 0.2242 0.232 0.2331 0.2248 0.215 0.1987 0.1794 0.1615 0.1439 0.1278 0.114 0.1038 0.0961 0.0904 0.0865 0.0853 0.0864 0.0898 0.0941 0.0967 0.098 0.0995 0.1086 0.1305 0.1636 0.2351 0.2905 0.3698
0.3677 0.3679 0.3664 0.3626 0.3585 0.354 0.3535 0.3535 0.3518 0.3486 0.3458 0.3432 0.3394 0.3378 0.3396 0.3459 0.35 0.3619 0.3942 0.4453 0.4989 0.535 0.5498 0.5568 0.5634 0.5726 0.583 0.5927 0.6003 0.6001 0.6044
0.0257 0.0251 0.0251 0.0251 0.0251 0.0254 0.0261 0.0266 0.0268 0.0268 0.0265 0.026 0.0245 0.0232 0.0219 0.0208 0.0199 0.0191 0.0192 0.0195 0.0198 0.0201 0.0207 0.0213 0.0225 0.0246 0.0298 0.0403 0.0773 0.1229 0.1932
0.4851 0.4837 0.4811 0.4778 0.4771 0.4754 0.479 0.4861 0.4944 0.5027 0.5136 0.5265 0.5375 0.5462 0.554 0.5617 0.5656 0.5699 0.5789 0.5903 0.5988 0.6026 0.6046 0.6048 0.606 0.6085 0.6118 0.616 0.6172 0.6173 0.6221
0.2471 0.2471 0.2459 0.2452 0.2451 0.2475 0.2538 0.2601 0.2647 0.2671 0.2686 0.2684 0.2632 0.2551 0.2489 0.2439 0.2376 0.2309 0.2309 0.2343 0.2384 0.238 0.2364 0.2372 0.2489 0.2765 0.3187 0.3677 0.4379 0.4651 0.5026
0.0398 0.0391 0.0385 0.038 0.0373 0.0373 0.0376 0.0378 0.0376 0.0373 0.037 0.0366 0.0355 0.0343 0.0327 0.0312 0.0301 0.0288 0.028 0.0276 0.0274 0.0272 0.0275 0.0289 0.033 0.0427 0.065 0.1002 0.1836 0.2447 0.3285
0.4133 0.4165 0.4165 0.4164 0.4169 0.4176 0.4233 0.4299 0.4343 0.4362 0.4382 0.4389 0.4347 0.4278 0.4222 0.4181 0.4122 0.4053 0.4044 0.4067 0.4095 0.4096 0.4068 0.4074 0.4178 0.4417 0.4746 0.5091 0.5475 0.5575 0.5757
0.481 0.4913 0.4961 0.4978 0.4973 0.4937 0.4922 0.4909 0.4861 0.478 0.4706 0.4622 0.4524 0.4424 0.4375 0.4352 0.4322 0.4325 0.4376 0.4515 0.4642 0.4681 0.4681 0.4691 0.4788 0.4988 0.5257 0.5532 0.5815 0.5877 0.6016
0.0598 0.0623 0.063 0.0623 0.06 0.0581 0.0562 0.0542 0.0516 0.0489 0.046 0.0434 0.0402 0.0375 0.0348 0.0324 0.0302 0.0279 0.0262 0.0255 0.0253 0.025 0.0247 0.0251 0.0267 0.031 0.0398 0.0538 0.0904 0.1218 0.1688
0.5283 0.5355 0.5383 0.539 0.54 0.5385 0.5415 0.5456 0.5487 0.5508 0.5538 0.5559 0.5552 0.552 0.5477 0.5443 0.5393 0.5321 0.5252 0.5225 0.52 0.5171 0.5141 0.5137 0.5204 0.5349 0.5537 0.5729 0.59 0.5938 0.6053
0.0866 0.0972 0.1033 0.1049 0.1029 0.0991 0.0905 0.082 0.0717 0.0622 0.0545 0.0479 0.0429 0.0395 0.0364 0.0343 0.0327 0.031 0.0294 0.0284 0.0278 0.0272 0.0268 0.0273 0.029 0.0339 0.0434 0.0586 0.0961 0.1277 0.175
0.3666 0.3692 0.3701 0.3706 0.3707 0.3706 0.3717 0.3712 0.3674 0.362 0.3565 0.351 0.3498 0.3497 0.3514 0.3593 0.3782 0.4114 0.4437 0.4666 0.4783 0.4801 0.4799 0.4802 0.4889 0.5072 0.5315 0.5555 0.5802 0.5844 0.5961
0.0997 0.098 0.097 0.097 0.0965 0.0964 0.0942 0.0903 0.0835 0.0775 0.0724 0.0654 0.0613 0.0611 0.061 0.0605 0.0604 0.0737 0.1074 0.1503 0.1856 0.2068 0.2146 0.2177 0.2217 0.2352 0.2661 0.3097 0.3907 0.4366 0.4965
0.5792 0.5881 0.5919 0.5941 0.5957 0.5937 0.5957 0.5989 0.6011 0.602 0.6036 0.605 0.6046 0.6035 0.6029 0.6041 0.6034 0.603 0.6027 0.6036 0.6036 0.6035 0.6031 0.6024 0.603 0.6048 0.6078 0.6118 0.6123 0.6132 0.6194
0.0492 0.0474 0.0457 0.0446 0.0432 0.0426 0.0427 0.0432 0.0438 0.0443 0.0449 0.0455 0.0458 0.0462 0.0471 0.0482 0.0491 0.0499 0.0554 0.0653 0.0771 0.0836 0.0859 0.0881 0.096 0.1149 0.1476 0.1898 0.265 0.3073 0.3644
0.2252 0.216 0.2102 0.2078 0.2092 0.2163 0.2319 0.2494 0.2729 0.2995 0.3317 0.3685 0.3998 0.4224 0.4388 0.4516 0.4592 0.4666 0.4829 0.5067 0.5272 0.538 0.5407 0.5426 0.5483 0.5591 0.5726 0.5849 0.5954 0.5953 0.5991
0.0826 0.0864 0.0882 0.0887 0.0878 0.0875 0.0865 0.0844 0.0806 0.076 0.0713 0.0661 0.0611 0.0564 0.0517 0.0481 0.0452 0.042 0.0388 0.0369 0.0353 0.0341 0.0333 0.0339 0.0362 0.0435 0.0584 0.0802 0.1287 0.1661 0.2194
0.5739 0.5843 0.589 0.5917 0.5929 0.5898 0.5898 0.5899 0.5866 0.5814 0.5752 0.5686 0.5613 0.5548 0.5535 0.5553 0.5564 0.5603 0.5722 0.5897 0.6041 0.6122 0.615 0.6158 0.6172 0.6195 0.6226 0.6268 0.6274 0.6283 0.633
0.3264 0.3375 0.3417 0.3415 0.3372 0.3306 0.324 0.3183 0.3083 0.2966 0.2853 0.2737 0.2611 0.2485 0.2387 0.2306 0.2216 0.211 0.2048 0.2043 0.2037 0.2018 0.198 0.1987 0.2098 0.2368 0.2791 0.3293 0.4053 0.4393 0.4862
0.3396 0.3315 0.3263 0.3243 0.3267 0.3332 0.3484 0.364 0.3819 0.4008 0.4217 0.4405 0.4543 0.4673 0.4744 0.4774 0.4784 0.499 0.5285 0.5515 0.562 0.5638 0.5638 0.5642 0.568 0.5775 0.5899 0.6009 0.6107 0.611 0.6163
0.112 0.1332 0.1555 0.1763 0.1862 0.188 0.1774 0.1655 0.1496 0.1329 0.1172 0.1015 0.0875 0.0745 0.0631 0.0541 0.0474 0.0412 0.0366 0.0342 0.0328 0.0324 0.0324 0.0329 0.0343 0.0385 0.0471 0.0611 0.0986 0.1359 0.1939
0.5057 0.5173 0.5255 0.5317 0.5362 0.5348 0.5256 0.5125 0.4889 0.4649 0.4434 0.4171 0.3971 0.3913 0.387 0.3801 0.376 0.4046 0.4504 0.4885 0.5101 0.5201 0.5219 0.5225 0.5248 0.5337 0.5511 0.5705 0.5922 0.597 0.6093
0.4924 0.4893 0.4855 0.4832 0.485 0.4871 0.4955 0.507 0.5195 0.5299 0.5402 0.5506 0.5579 0.5612 0.5619 0.5619 0.5584 0.5517 0.5434 0.5379 0.5342 0.5307 0.5274 0.5274 0.5325 0.5464 0.5649 0.5826 0.5997 0.6029 0.6139
