0.1053 0.087 0.0778 0.0759 0.0808 0.092 0.1191 0.1609 0.2399 0.342 0.4405 0.5092 0.5328 0.5333 0.521 0.4977 0.4651 0.4309 0.3988 0.3609 0.3109 0.2795 0.2733 0.2688 0.2636 0.2431 0.1927 0.1461 0.1314 0.1686 0.2503
0.1898 0.2074 0.2193 0.2252 0.2203 0.2078 0.1803 0.1552 0.1296 0.1092 0.0943 0.083 0.0787 0.078 0.0795 0.0862 0.101 0.1424 0.2117 0.3033 0.4029 0.4838 0.525 0.5467 0.559 0.5687 0.5776 0.5843 0.5861 0.5842 0.5833
0.1181 0.1308 0.1433 0.1591 0.1764 0.1955 0.2168 0.2371 0.2505 0.2446 0.2212 0.1899 0.1611 0.134 0.1104 0.0917 0.078 0.0669 0.0577 0.0509 0.0476 0.0461 0.0457 0.0459 0.0463 0.0471 0.0476 0.0474 0.0511 0.0709 0.1144
0.1358 0.1283 0.1242 0.1229 0.1232 0.1268 0.1351 0.1436 0.1543 0.1659 0.1806 0.1985 0.218 0.2373 0.2582 0.289 0.3329 0.3972 0.4678 0.5272 0.5694 0.5926 0.6014 0.6053 0.6073 0.6091 0.6104 0.6123 0.6096 0.6057 0.6026
0.5653 0.5696 0.571 0.5718 0.571 0.5665 0.5653 0.5645 0.5621 0.5599 0.5591 0.5593 0.5605 0.5614 0.564 0.57 0.5764 0.5853 0.5937 0.598 0.6012 0.6028 0.6028 0.6028 0.6032 0.6043 0.6058 0.6085 0.6067 0.6066 0.6082
0.0458 0.0435 0.0421 0.0418 0.0424 0.0443 0.0477 0.0516 0.0565 0.0618 0.0679 0.0727 0.0763 0.0794 0.08 0.0785 0.0779 0.0802 0.0884 0.0943 0.0966 0.0959 0.094 0.0943 0.1018 0.1208 0.1538 0.1956 0.269 0.3095 0.3629
0.0639 0.0508 0.0453 0.0447 0.047 0.0546 0.0735 0.1064 0.1776 0.282 0.3998 0.4981 0.5471 0.5666 0.5747 0.5802 0.5819 0.5826 0.5826 0.5821 0.5824 0.5825 0.5818 0.5818 0.5823 0.5833 0.5842 0.5859 0.583 0.5795 0.5772
0.1353 0.1476 0.1536 0.159 0.1663 0.1771 0.1921 0.208 0.2278 0.2483 0.2697 0.2886 0.2938 0.2854 0.262 0.2273 0.1893 0.1558 0.1287 0.1041 0.0796 0.067 0.063 0.0607 0.0584 0.0519 0.0392 0.0311 0.0293 0.0446 0.0845
0.1293 0.1459 0.1619 0.1766 0.1847 0.181 0.1517 0.1222 0.092 0.0716 0.0587 0.0472 0.0408 0.0394 0.0381 0.0369 0.0363 0.0422 0.0589 0.0806 0.0996 0.1116 0.1162 0.1182 0.1206 0.1313 0.1558 0.192 0.2666 0.3217 0.396
0.1053 0.0934 0.0871 0.0861 0.0884 0.0962 0.1134 0.1353 0.169 0.2085 0.2557 0.313 0.3748 0.4326 0.4778 0.5115 0.5333 0.5414 0.5445 0.5458 0.5467 0.5465 0.5453 0.5461 0.5493 0.5567 0.5663 0.5747 0.5789 0.5768 0.5762
0.0847 0.0811 0.0796 0.0781 0.0741 0.0679 0.0574 0.0487 0.0409 0.0357 0.0324 0.0311 0.0309 0.0319 0.0345 0.0412 0.0536 0.0908 0.1582 0.2483 0.3401 0.4064 0.435 0.4501 0.4651 0.4845 0.5081 0.5308 0.5512 0.5537 0.5572
0.203 0.1969 0.193 0.1915 0.1927 0.1976 0.2087 0.2204 0.2338 0.2463 0.2594 0.2712 0.2774 0.2809 0.2865 0.2945 0.3008 0.3145 0.3512 0.4122 0.4835 0.5393 0.5658 0.5784 0.584 0.5873 0.5892 0.5913 0.5884 0.5849 0.5827
0.3832 0.3648 0.3535 0.3511 0.3581 0.3735 0.4039 0.4367 0.4721 0.4928 0.496 0.494 0.4852 0.4741 0.4641 0.4568 0.4481 0.4367 0.4273 0.4221 0.4192 0.4155 0.4112 0.4114 0.4207 0.4422 0.4719 0.5027 0.5351 0.5434 0.5577
0.3452 0.3705 0.3887 0.3997 0.396 0.378 0.344 0.3111 0.2745 0.2438 0.2193 0.1996 0.1902 0.1885 0.1891 0.198 0.222 0.2758 0.3507 0.4259 0.4853 0.5183 0.5295 0.5353 0.5412 0.549 0.558 0.5657 0.5693 0.5688 0.5697
0.318 0.3419 0.3628 0.3821 0.3929 0.3892 0.3587 0.3227 0.2778 0.2419 0.2144 0.1849 0.1656 0.1597 0.1549 0.1476 0.1438 0.164 0.201 0.2356 0.2583 0.2708 0.2741 0.276 0.2788 0.2947 0.3277 0.3722 0.4459 0.4782 0.5203
0.1342 0.1373 0.1382 0.1383 0.138 0.1401 0.1429 0.1452 0.146 0.1453 0.1429 0.1388 0.1309 0.1204 0.1096 0.0993 0.0895 0.0789 0.0701 0.0651 0.0617 0.0589 0.0569 0.057 0.0621 0.0758 0.1004 0.1343 0.1993 0.2401 0.2966
0.074 0.0712 0.0691 0.0677 0.0662 0.0657 0.0655 0.0652 0.0649 0.0646 0.0647 0.0655 0.0684 0.0723 0.0775 0.0857 0.1021 0.1425 0.2081 0.2892 0.3692 0.4264 0.4513 0.4656 0.4801 0.4996 0.5224 0.5437 0.5623 0.5649 0.5676
0.093 0.1014 0.1046 0.1052 0.1005 0.095 0.0872 0.0804 0.0719 0.0631 0.0561 0.05 0.0449 0.042 0.0401 0.039 0.0383 0.0382 0.0402 0.0449 0.0505 0.0525 0.0534 0.0545 0.0595 0.0724 0.0961 0.1282 0.1906 0.2302 0.2847
0.116 0.113 0.1114 0.1112 0.1124 0.1173 0.1256 0.1349 0.1464 0.158 0.1705 0.1821 0.1875 0.1889 0.1887 0.1877 0.1872 0.1871 0.1939 0.2072 0.223 0.236 0.2414 0.2437 0.247 0.2629 0.2951 0.3395 0.4173 0.4553 0.5029
0.0776 0.0745 0.0723 0.0719 0.0725 0.0758 0.0806 0.086 0.0924 0.0991 0.1061 0.113 0.1195 0.1241 0.1276 0.1325 0.142 0.1572 0.1708 0.179 0.1815 0.1809 0.1774 0.1784 0.1893 0.2155 0.2569 0.306 0.3806 0.4136 0.4554
0.0414 0.0404 0.0397 0.0391 0.0372 0.0344 0.0305 0.0271 0.0242 0.0226 0.0215 0.0213 0.0214 0.0219 0.0229 0.0254 0.0292 0.043 0.0806 0.1533 0.2633 0.3881 0.4784 0.5356 0.5645 0.5785 0.5856 0.5899 0.5886 0.5845 0.5798
0.1224 0.1115 0.1062 0.1067 0.1107 0.1221 0.1441 0.1725 0.2131 0.2482 0.2662 0.2677 0.2618 0.2447 0.2227 0.2016 0.1843 0.1675 0.1508 0.1389 0.1349 0.1349 0.1353 0.1358 0.1373 0.1486 0.1751 0.2139 0.2935 0.3474 0.4218
0.4002 0.3774 0.3638 0.3612 0.3692 0.387 0.4228 0.4638 0.5131 0.5496 0.5676 0.5742 0.5749 0.5734 0.5725 0.5733 0.5726 0.5728 0.5741 0.5757 0.5781 0.5796 0.5796 0.5797 0.5803 0.5823 0.585 0.5889 0.5885 0.5886 0.5901
0.4939 0.5074 0.5184 0.5293 0.539 0.5448 0.5518 0.5578 0.5591 0.5568 0.5499 0.5393 0.527 0.5104 0.4926 0.4767 0.4614 0.4452 0.4285 0.4134 0.4035 0.4017 0.4006 0.4003 0.4009 0.4018 0.3989 0.3949 0.4011 0.4492 0.5161
0.281 0.2744 0.2696 0.2679 0.2693 0.2755 0.2899 0.305 0.3238 0.3429 0.3642 0.386 0.4015 0.409 0.4146 0.419 0.4209 0.4223 0.4308 0.4455 0.4595 0.4648 0.465 0.4665 0.4754 0.4935 0.5167 0.5398 0.5612 0.5659 0.5725
0.0864 0.0814 0.0775 0.0754 0.0755 0.078 0.0829 0.0895 0.0974 0.1036 0.1073 0.1094 0.1087 0.1058 0.0993 0.0919 0.0839 0.0733 0.0644 0.0593 0.0562 0.0536 0.0517 0.0523 0.056 0.068 0.0905 0.1216 0.1836 0.2245 0.281
0.167 0.1675 0.1645 0.1628 0.1641 0.1686 0.1769 0.1838 0.1847 0.1802 0.1677 0.1516 0.1356 0.1202 0.107 0.0962 0.0863 0.0756 0.0668 0.062 0.0591 0.0565 0.0546 0.0554 0.0594 0.0723 0.0961 0.1289 0.193 0.2337 0.2904
0.4839 0.4813 0.478 0.4758 0.4756 0.4754 0.4808 0.4881 0.4982 0.5085 0.5219 0.5368 0.5509 0.5612 0.5694 0.5764 0.5789 0.5804 0.5819 0.5828 0.5845 0.5852 0.5847 0.5848 0.5861 0.589 0.5924 0.5969 0.5967 0.5968 0.5984
0.3606 0.3362 0.3217 0.3184 0.3253 0.3405 0.3744 0.4134 0.4626 0.5033 0.531 0.5509 0.5642 0.5729 0.5787 0.5837 0.5852 0.5856 0.585 0.5841 0.5838 0.5836 0.5825 0.5825 0.5833 0.5859 0.589 0.5929 0.5925 0.5921 0.5933
0.0495 0.0504 0.0514 0.0519 0.0514 0.0506 0.048 0.0447 0.0405 0.0372 0.0343 0.0325 0.0315 0.0315 0.0321 0.0339 0.0373 0.0467 0.0657 0.0912 0.1162 0.132 0.1384 0.1467 0.1663 0.2038 0.2622 0.3318 0.438 0.4792 0.5293
0.4831 0.4942 0.4996 0.5015 0.4983 0.4914 0.4845 0.4781 0.4675 0.4542 0.443 0.431 0.4189 0.4072 0.4001 0.3957 0.3906 0.3862 0.3874 0.3938 0.4006 0.4009 0.3997 0.4007 0.411 0.4343 0.4664 0.4996 0.5367 0.5465 0.5624
0.0902 0.0889 0.0881 0.0881 0.0884 0.0905 0.0925 0.0938 0.0939 0.0931 0.0915 0.0901 0.089 0.0888 0.0891 0.0914 0.0983 0.1109 0.1231 0.1306 0.1332 0.1327 0.1307 0.1314 0.1409 0.1643 0.2025 0.2493 0.3268 0.3658 0.4169
0.4503 0.4572 0.4623 0.4703 0.4813 0.4928 0.5094 0.525 0.5371 0.5376 0.5331 0.5209 0.5052 0.4853 0.4644 0.446 0.4297 0.413 0.3953 0.3821 0.3783 0.3785 0.3784 0.3786 0.381 0.3969 0.4277 0.4672 0.5224 0.5408 0.5674
0.261 0.26 0.26 0.2603 0.257 0.2465 0.2203 0.1936 0.1636 0.1403 0.1244 0.1105 0.103 0.1043 0.1073 0.112 0.1221 0.1623 0.2453 0.3609 0.4752 0.5503 0.5794 0.5914 0.5954 0.5972 0.5976 0.598 0.5933 0.5905 0.5893
0.5158 0.5175 0.5179 0.5186 0.5188 0.5167 0.5175 0.518 0.5157 0.5131 0.5122 0.5124 0.5134 0.5142 0.5196 0.5313 0.5435 0.5564 0.5716 0.5866 0.5991 0.6054 0.6076 0.6086 0.6093 0.6103 0.6116 0.614 0.6119 0.611 0.612
0.0981 0.0919 0.0885 0.0876 0.0884 0.0924 0.1025 0.1138 0.1302 0.1501 0.1764 0.2088 0.2401 0.2652 0.2836 0.2976 0.3055 0.312 0.3283 0.3537 0.3783 0.3907 0.3927 0.3961 0.4093 0.4356 0.4714 0.509 0.55 0.5606 0.5735
0.028 0.0272 0.0267 0.0267 0.0268 0.0273 0.0279 0.0285 0.0288 0.0291 0.0292 0.0293 0.0295 0.0297 0.0301 0.0311 0.0325 0.0351 0.0387 0.0412 0.0429 0.043 0.0424 0.0433 0.0461 0.0554 0.0736 0.0992 0.1533 0.1913 0.2447
0.2346 0.2266 0.2213 0.2196 0.2219 0.2296 0.2459 0.2638 0.2883 0.3165 0.351 0.3913 0.4283 0.4561 0.4755 0.4899 0.4983 0.5031 0.5118 0.5229 0.5326 0.5363 0.5377 0.5393 0.5432 0.5522 0.563 0.5727 0.5796 0.5783 0.5795
0.3128 0.3328 0.3489 0.363 0.371 0.3655 0.3332 0.2964 0.252 0.2172 0.1914 0.164 0.1464 0.1423 0.1396 0.1342 0.1321 0.1577 0.2094 0.2671 0.3107 0.3349 0.3427 0.3458 0.3505 0.3657 0.3971 0.438 0.4983 0.5201 0.5489
0.1276 0.133 0.1358 0.1363 0.1347 0.1339 0.1328 0.1305 0.1257 0.1186 0.1112 0.1032 0.0946 0.0866 0.0811 0.0765 0.0725 0.0683 0.0668 0.0671 0.0682 0.0679 0.0669 0.0674 0.0735 0.0889 0.1164 0.1531 0.221 0.2624 0.318
0.3132 0.3185 0.32 0.3223 0.3319 0.3464 0.3726 0.402 0.4364 0.4648 0.4855 0.4998 0.5048 0.5014 0.4851 0.4543 0.4138 0.375 0.3393 0.2974 0.2468 0.2216 0.2162 0.2088 0.2031 0.1809 0.134 0.0998 0.0919 0.1381 0.2302
0.2952 0.2908 0.2866 0.282 0.28 0.2803 0.2838 0.2901 0.2976 0.3052 0.3144 0.3241 0.3316 0.3354 0.3382 0.3396 0.3379 0.3335 0.3341 0.3376 0.3414 0.3419 0.3401 0.3411 0.3525 0.3783 0.4155 0.4558 0.5045 0.5192 0.5399
0.488 0.4973 0.5031 0.5082 0.5138 0.5172 0.523 0.5275 0.5284 0.5235 0.5154 0.5034 0.49 0.4735 0.4566 0.4422 0.4278 0.4108 0.394 0.3819 0.3764 0.373 0.3698 0.3693 0.3769 0.3984 0.4322 0.4708 0.5198 0.5346 0.5576
0.1128 0.1156 0.1181 0.1184 0.1137 0.1037 0.086 0.0711 0.0574 0.0477 0.0418 0.0389 0.0375 0.038 0.0403 0.0464 0.0583 0.0919 0.1528 0.2357 0.3237 0.3913 0.422 0.439 0.4551 0.4768 0.503 0.5284 0.5528 0.5572 0.5623
0.352 0.3449 0.3399 0.3372 0.338 0.3412 0.3541 0.3677 0.3842 0.4008 0.4204 0.4406 0.4567 0.4682 0.4778 0.488 0.4948 0.5035 0.5228 0.5485 0.5714 0.5848 0.5897 0.5917 0.5932 0.5945 0.5957 0.5978 0.5954 0.5937 0.5933
0.3591 0.3556 0.3532 0.3563 0.3687 0.3883 0.4229 0.4605 0.5021 0.5281 0.5329 0.5266 0.5117 0.4911 0.4674 0.443 0.4178 0.3938 0.3701 0.3444 0.3162 0.3046 0.3021 0.2993 0.2953 0.2806 0.2403 0.2043 0.1949 0.2532 0.3556
0.1828 0.1786 0.1757 0.1753 0.1764 0.1808 0.1892 0.1966 0.2044 0.2114 0.218 0.2238 0.2296 0.234 0.2379 0.2453 0.2596 0.2837 0.3063 0.3204 0.3265 0.3262 0.324 0.3249 0.3368 0.3645 0.4036 0.4463 0.4991 0.5147 0.5357
0.2964 0.3011 0.303 0.3007 0.2963 0.291 0.2868 0.2833 0.2769 0.2679 0.2599 0.2514 0.2424 0.2342 0.2308 0.2284 0.2265 0.2266 0.2321 0.2468 0.2609 0.2656 0.2658 0.2679 0.2798 0.3069 0.3471 0.3929 0.4536 0.4751 0.5039
0.1373 0.1309 0.127 0.1246 0.1216 0.1199 0.1173 0.1136 0.1085 0.1027 0.1001 0.0988 0.0996 0.1028 0.1097 0.1258 0.1497 0.1826 0.2315 0.3044 0.4013 0.4977 0.557 0.59 0.6059 0.613 0.6162 0.6189 0.616 0.6117 0.6082
0.1355 0.1337 0.1311 0.1285 0.1252 0.1238 0.1235 0.1236 0.1232 0.1222 0.1211 0.1198 0.1179 0.1168 0.1172 0.1187 0.1206 0.123 0.1358 0.158 0.1819 0.1951 0.1981 0.2018 0.2149 0.2417 0.2828 0.3308 0.4013 0.4311 0.4689
0.2156 0.2719 0.3197 0.373 0.4239 0.4563 0.4623 0.4605 0.4429 0.4147 0.3828 0.3458 0.3088 0.2699 0.2317 0.194 0.1601 0.1326 0.11 0.0903 0.0718 0.0622 0.0595 0.0579 0.0559 0.0516 0.0399 0.0321 0.0304 0.0446 0.0806
0.0914 0.077 0.0702 0.0696 0.0726 0.0828 0.1048 0.1379 0.1946 0.2569 0.3006 0.3192 0.3153 0.2984 0.2759 0.2539 0.2351 0.2167 0.1984 0.1848 0.1803 0.18 0.18 0.1805 0.1822 0.1949 0.2237 0.2655 0.3464 0.3961 0.4622
0.5175 0.5252 0.5286 0.5313 0.5318 0.5285 0.5207 0.5111 0.4953 0.4799 0.4666 0.4493 0.4372 0.4357 0.4345 0.4332 0.4352 0.4622 0.5062 0.5424 0.5631 0.5706 0.5724 0.5737 0.5759 0.58 0.5842 0.5891 0.5892 0.5895 0.5915
0.2669 0.2592 0.2544 0.2528 0.2549 0.2619 0.2768 0.2916 0.3091 0.3276 0.3478 0.3656 0.3783 0.3898 0.3957 0.3975 0.3981 0.4139 0.4407 0.4606 0.4709 0.4711 0.4696 0.47 0.4783 0.4961 0.5192 0.5421 0.5632 0.5671 0.5734
0.1852 0.2371 0.2856 0.3424 0.3964 0.4294 0.4296 0.4197 0.3913 0.3558 0.3191 0.28 0.2442 0.2087 0.1757 0.1459 0.1201 0.0998 0.0831 0.0693 0.0571 0.0513 0.0492 0.0484 0.0472 0.0433 0.0366 0.0304 0.0293 0.0411 0.0719
0.1955 0.1895 0.1859 0.1853 0.1863 0.1911 0.2007 0.2096 0.2198 0.2296 0.2396 0.2491 0.2596 0.2696 0.2785 0.2936 0.321 0.3745 0.4394 0.4964 0.5364 0.557 0.5637 0.567 0.5699 0.574 0.5782 0.5823 0.5817 0.579 0.5778
0.4207 0.4562 0.4904 0.5238 0.5436 0.5482 0.5394 0.5261 0.504 0.4792 0.4545 0.4261 0.4 0.3745 0.3498 0.3274 0.3093 0.2956 0.2814 0.2705 0.268 0.2681 0.2683 0.2688 0.2711 0.2877 0.3218 0.3685 0.4467 0.4825 0.5307
0.0329 0.0315 0.0307 0.0307 0.0311 0.0322 0.0342 0.0364 0.0393 0.0422 0.0462 0.05 0.0543 0.0572 0.0597 0.0623 0.0666 0.0737 0.0803 0.0842 0.0859 0.0852 0.0836 0.0839 0.0908 0.1084 0.1389 0.1788 0.2488 0.2887 0.3415
0.1088 0.1033 0.0988 0.0958 0.0942 0.0952 0.0988 0.1041 0.1127 0.1236 0.138 0.1566 0.1771 0.1956 0.2057 0.2051 0.2003 0.1842 0.168 0.1532 0.1379 0.1278 0.1245 0.1244 0.1266 0.125 0.1144 0.0972 0.0925 0.1317 0.21
0.2602 0.2555 0.254 0.2529 0.2484 0.2382 0.2136 0.1893 0.1621 0.1404 0.126 0.1141 0.1093 0.1099 0.1152 0.1236 0.1386 0.1838 0.2703 0.3829 0.4881 0.5531 0.5775 0.5876 0.5902 0.5919 0.5923 0.5928 0.5882 0.5846 0.5824
0.0409 0.04 0.0394 0.0393 0.0395 0.0406 0.0422 0.0437 0.0452 0.0462 0.0472 0.048 0.049 0.0499 0.0509 0.0526 0.057 0.0653 0.074 0.0798 0.0828 0.0828 0.0814 0.0819 0.0887 0.1063 0.1367 0.1764 0.2459 0.2864 0.3401
0.042 0.0417 0.0419 0.0416 0.0398 0.0365 0.0313 0.0273 0.024 0.022 0.0208 0.0205 0.0205 0.0209 0.0218 0.024 0.0275 0.0397 0.0735 0.1406 0.2452 0.3681 0.4599 0.5198 0.551 0.5674 0.5767 0.5814 0.5814 0.5777 0.5733
0.1426 0.1185 0.1069 0.1045 0.1107 0.1249 0.158 0.2062 0.2917 0.3945 0.4862 0.5471 0.5701 0.5752 0.5759 0.5762 0.5729 0.5681 0.5622 0.5578 0.555 0.5524 0.5495 0.5499 0.5537 0.5645 0.5781 0.5902 0.5999 0.6012 0.6044
0.2664 0.2431 0.2296 0.2269 0.2348 0.2537 0.2927 0.3424 0.4122 0.4744 0.5099 0.5214 0.5191 0.5092 0.4959 0.4806 0.4612 0.4388 0.4172 0.3936 0.365 0.3469 0.3424 0.3403 0.3389 0.3295 0.2911 0.2532 0.2402 0.2955 0.389
0.1533 0.1634 0.1665 0.1671 0.1644 0.1618 0.1566 0.1503 0.1384 0.1225 0.1077 0.0936 0.0822 0.0735 0.0684 0.0648 0.0616 0.0591 0.059 0.0609 0.0634 0.064 0.0635 0.0642 0.07 0.085 0.1118 0.148 0.2163 0.2584 0.316
0.2887 0.3043 0.3114 0.3121 0.3058 0.2958 0.2828 0.2711 0.2541 0.2353 0.2189 0.2031 0.1892 0.1783 0.1732 0.1702 0.1685 0.1676 0.1752 0.191 0.2071 0.2136 0.2146 0.2171 0.2292 0.2567 0.2987 0.3474 0.4179 0.4457 0.4828
0.3405 0.3556 0.3675 0.3768 0.3811 0.3746 0.3417 0.3046 0.2597 0.225 0.1991 0.1714 0.1543 0.1518 0.1498 0.1455 0.1447 0.1776 0.2506 0.3473 0.4362 0.4917 0.5119 0.5201 0.5253 0.534 0.5489 0.5644 0.5798 0.5818 0.5863
0.1653 0.1465 0.1372 0.1341 0.1354 0.1395 0.1428 0.144 0.1414 0.1332 0.1253 0.1217 0.1224 0.1267 0.138 0.1653 0.2141 0.3001 0.4027 0.4895 0.5472 0.5751 0.5835 0.5867 0.5885 0.5894 0.5897 0.5907 0.5867 0.5833 0.5812
0.0662 0.0599 0.0566 0.0548 0.0534 0.0532 0.0537 0.0544 0.0555 0.0569 0.0603 0.0651 0.0736 0.0848 0.1013 0.1319 0.1833 0.2667 0.3529 0.4104 0.4396 0.4483 0.4499 0.4524 0.4625 0.4822 0.5082 0.5342 0.5593 0.563 0.5681
0.0245 0.0232 0.0225 0.0224 0.0226 0.023 0.0239 0.0249 0.0266 0.0285 0.0319 0.0362 0.0436 0.0541 0.0659 0.0781 0.0912 0.1037 0.115 0.1227 0.1266 0.1272 0.126 0.1266 0.135 0.156 0.1909 0.2337 0.3049 0.3418 0.39
0.0874 0.0847 0.0827 0.0825 0.083 0.0862 0.0906 0.0952 0.1 0.1039 0.108 0.1111 0.1141 0.116 0.1175 0.1201 0.1273 0.1386 0.1482 0.1528 0.1544 0.1531 0.1497 0.1506 0.1607 0.1854 0.2251 0.2732 0.3499 0.3863 0.4334
0.0273 0.0259 0.0253 0.0252 0.0257 0.0268 0.0286 0.0309 0.0344 0.039 0.0467 0.0582 0.0737 0.0923 0.1112 0.1302 0.149 0.1615 0.1698 0.1747 0.1784 0.1789 0.1779 0.1793 0.19 0.2154 0.2556 0.3033 0.3765 0.4096 0.4515
0.0829 0.0781 0.076 0.0765 0.0801 0.0886 0.1047 0.1251 0.1508 0.1652 0.1617 0.1461 0.1275 0.1087 0.0921 0.079 0.0686 0.0596 0.0518 0.0474 0.0455 0.0446 0.0441 0.0446 0.0471 0.053 0.0674 0.0894 0.1419 0.1871 0.2547
0.4002 0.4163 0.4225 0.4252 0.4248 0.4221 0.4188 0.4135 0.4015 0.385 0.3676 0.3481 0.3288 0.3088 0.2912 0.2762 0.2611 0.2431 0.2274 0.2173 0.2117 0.2057 0.2007 0.2011 0.2119 0.2385 0.2802 0.3297 0.4037 0.4357 0.4781
0.3886 0.3885 0.3866 0.3835 0.3811 0.3792 0.3812 0.3844 0.387 0.3887 0.3917 0.3939 0.3947 0.3941 0.394 0.3944 0.3932 0.3925 0.3958 0.4064 0.4169 0.419 0.419 0.4204 0.4306 0.4532 0.4832 0.5139 0.5461 0.5537 0.5667
0.2463 0.2375 0.2317 0.23 0.2317 0.2389 0.255 0.2732 0.2978 0.3262 0.3614 0.4029 0.4414 0.4706 0.4903 0.504 0.5113 0.5139 0.5182 0.5222 0.5267 0.5285 0.5282 0.5292 0.5328 0.5415 0.5523 0.562 0.5672 0.5671 0.5684
0.1224 0.1222 0.1196 0.1207 0.1293 0.146 0.1775 0.2207 0.287 0.3517 0.3886 0.3936 0.3725 0.3374 0.2957 0.2468 0.1984 0.1602 0.1302 0.1032 0.0767 0.0635 0.0595 0.0572 0.0543 0.0486 0.0356 0.028 0.0265 0.0389 0.0734
0.0519 0.0481 0.0462 0.0455 0.0461 0.0484 0.053 0.0595 0.0697 0.0836 0.1054 0.1375 0.1804 0.231 0.2785 0.3177 0.3438 0.3481 0.3459 0.3414 0.3378 0.3332 0.3289 0.3296 0.3406 0.3674 0.4046 0.4455 0.4952 0.5092 0.5262
0.0966 0.1002 0.1014 0.1018 0.1021 0.1043 0.1079 0.1128 0.1197 0.127 0.1358 0.1449 0.1514 0.1507 0.1455 0.132 0.1147 0.0962 0.0807 0.0676 0.0553 0.0481 0.0458 0.0449 0.0444 0.0423 0.0352 0.0293 0.0283 0.0403 0.0724
0.0379 0.0387 0.0397 0.0402 0.04 0.0393 0.0377 0.0352 0.0321 0.0295 0.0272 0.0259 0.0252 0.0253 0.0257 0.027 0.029 0.0361 0.0488 0.0639 0.077 0.0833 0.0868 0.0924 0.1074 0.1397 0.1929 0.2596 0.3695 0.4176 0.4751
0.1023 0.0988 0.0963 0.0955 0.0962 0.1001 0.1062 0.113 0.1213 0.1301 0.1392 0.1482 0.1547 0.157 0.1574 0.1575 0.1589 0.1592 0.1579 0.1558 0.1532 0.1497 0.1455 0.1461 0.1557 0.1793 0.2174 0.264 0.3388 0.3752 0.4224
0.5 0.4965 0.4934 0.4931 0.496 0.4999 0.5105 0.5223 0.5342 0.5427 0.5496 0.5549 0.5589 0.5599 0.5605 0.5612 0.5596 0.5568 0.5528 0.5495 0.5479 0.5461 0.5443 0.5446 0.5472 0.555 0.5644 0.5732 0.5778 0.5796 0.5842
0.1041 0.091 0.0838 0.083 0.0864 0.0976 0.1222 0.1564 0.21 0.2599 0.284 0.2852 0.2704 0.2495 0.2277 0.2057 0.1837 0.1613 0.1417 0.1251 0.1085 0.0975 0.0941 0.0934 0.0941 0.0932 0.0806 0.065 0.0608 0.0889 0.1524
0.482 0.4831 0.4821 0.4809 0.48 0.4783 0.4809 0.4851 0.4897 0.4934 0.4992 0.505 0.5095 0.5111 0.5131 0.5155 0.5149 0.5146 0.5162 0.5207 0.5253 0.527 0.5264 0.5271 0.5326 0.5446 0.5595 0.5736 0.5852 0.5868 0.5924
0.0441 0.0413 0.04 0.0396 0.0402 0.0421 0.0458 0.0513 0.0591 0.0699 0.0859 0.1075 0.131 0.15 0.1585 0.158 0.1546 0.1416 0.129 0.1206 0.1157 0.111 0.1076 0.1075 0.1154 0.1361 0.1707 0.2144 0.2892 0.3291 0.3808
0.2408 0.2791 0.3023 0.3258 0.3528 0.3783 0.4088 0.4396 0.4652 0.4732 0.4653 0.4425 0.4112 0.3725 0.3301 0.2827 0.2362 0.1982 0.167 0.137 0.1063 0.0908 0.0862 0.0831 0.0791 0.0708 0.0512 0.0377 0.0404 0.0566 0.1069
0.0749 0.0664 0.062 0.0612 0.0624 0.0674 0.0786 0.093 0.116 0.1441 0.1803 0.2278 0.2845 0.3451 0.4005 0.4486 0.4858 0.5107 0.5365 0.5611 0.5817 0.5942 0.599 0.6015 0.6036 0.606 0.6078 0.6099 0.6073 0.6031 0.5983
0.1397 0.1412 0.1424 0.1432 0.1425 0.1424 0.1401 0.1357 0.1283 0.1202 0.1127 0.1055 0.1034 0.103 0.1045 0.1097 0.1247 0.1574 0.1993 0.2369 0.2619 0.2703 0.2715 0.274 0.2863 0.3138 0.3542 0.3997 0.4605 0.4814 0.5092
0.247 0.258 0.2617 0.2627 0.26 0.2569 0.2516 0.2449 0.2303 0.2102 0.1907 0.1716 0.1554 0.1427 0.1356 0.1307 0.1266 0.1244 0.1257 0.1329 0.1407 0.142 0.1417 0.143 0.153 0.1774 0.2167 0.2648 0.3422 0.3794 0.4281
0.2752 0.2694 0.2652 0.2634 0.2649 0.2706 0.2839 0.2979 0.3147 0.3315 0.3499 0.3677 0.379 0.3838 0.388 0.3918 0.3935 0.395 0.405 0.4214 0.4374 0.4434 0.4441 0.4461 0.4558 0.475 0.5009 0.5264 0.5523 0.5567 0.5655
0.0457 0.0436 0.042 0.0412 0.0406 0.0408 0.0418 0.0433 0.0455 0.0477 0.051 0.0546 0.0586 0.0619 0.0634 0.0638 0.0633 0.0616 0.0587 0.0566 0.0547 0.0529 0.0513 0.0521 0.0557 0.0673 0.0893 0.1195 0.1801 0.2193 0.2739
0.3838 0.3827 0.382 0.3804 0.3738 0.3617 0.3414 0.321 0.2971 0.2755 0.2609 0.2518 0.2514 0.2538 0.2648 0.2903 0.3323 0.3977 0.4701 0.5307 0.5731 0.5951 0.6031 0.606 0.6079 0.609 0.6098 0.6113 0.6083 0.6062 0.6058
0.4948 0.4956 0.4947 0.4929 0.492 0.4901 0.4929 0.4971 0.5018 0.5057 0.5119 0.5178 0.5217 0.5221 0.5211 0.5191 0.5147 0.5063 0.4981 0.493 0.4903 0.4866 0.483 0.4828 0.491 0.5085 0.5321 0.5545 0.5773 0.5825 0.5935
0.468 0.4651 0.4616 0.4592 0.4585 0.458 0.4629 0.4699 0.4789 0.4882 0.5006 0.5144 0.5273 0.5372 0.5456 0.5533 0.557 0.5598 0.5651 0.5703 0.5759 0.5786 0.5793 0.58 0.5817 0.5851 0.5893 0.5941 0.5944 0.5945 0.5962
0.1135 0.1182 0.1227 0.1258 0.1255 0.12 0.0992 0.0797 0.0605 0.0483 0.0413 0.0349 0.0323 0.0319 0.0324 0.0329 0.0333 0.0427 0.0764 0.1522 0.2749 0.4132 0.5061 0.5586 0.5814 0.5899 0.5928 0.595 0.59 0.5853 0.5799
0.4103 0.4111 0.4095 0.4067 0.404 0.4008 0.4013 0.4029 0.403 0.4023 0.4024 0.4024 0.4018 0.4016 0.4039 0.4099 0.4139 0.4225 0.445 0.4776 0.5092 0.5281 0.5344 0.5381 0.5426 0.5491 0.5566 0.5638 0.566 0.5667 0.5687
0.4298 0.4307 0.4296 0.4299 0.4313 0.4334 0.4429 0.4517 0.4605 0.4675 0.4751 0.4809 0.4828 0.4821 0.4816 0.4825 0.482 0.4829 0.4875 0.4982 0.5081 0.5111 0.5116 0.5126 0.5194 0.5338 0.5521 0.5692 0.5843 0.587 0.5928
0.1042 0.0984 0.0942 0.0915 0.0898 0.0902 0.092 0.0949 0.099 0.1034 0.1096 0.1173 0.128 0.1409 0.1527 0.1671 0.1911 0.2339 0.2884 0.3373 0.3717 0.3878 0.3906 0.3941 0.4063 0.4296 0.4612 0.4935 0.528 0.536 0.5466
0.2989 0.2739 0.2594 0.2562 0.264 0.2829 0.3198 0.3627 0.4146 0.4508 0.46 0.4531 0.4402 0.4341 0.4284 0.4212 0.4176 0.4277 0.4469 0.4601 0.4656 0.4654 0.4618 0.4621 0.4708 0.4898 0.5157 0.5415 0.5661 0.5715 0.5818
0.0349 0.0343 0.0339 0.034 0.0342 0.0349 0.0358 0.0365 0.0368 0.0368 0.0366 0.0364 0.036 0.0357 0.0355 0.036 0.0372 0.0386 0.0406 0.0415 0.0418 0.0412 0.0404 0.0411 0.0439 0.0531 0.0714 0.097 0.1518 0.1904 0.2449
0.355 0.3472 0.3405 0.3354 0.3334 0.3334 0.3384 0.3468 0.3574 0.3686 0.383 0.3993 0.4146 0.4273 0.4389 0.4494 0.4558 0.4622 0.4774 0.4989 0.5186 0.5286 0.5308 0.5331 0.5391 0.5509 0.5655 0.5788 0.5902 0.591 0.5951
0.1547 0.1464 0.1415 0.1404 0.1414 0.148 0.162 0.1776 0.2005 0.2291 0.2671 0.3165 0.3693 0.4172 0.4531 0.4799 0.4965 0.503 0.5096 0.5163 0.522 0.5238 0.5237 0.5247 0.5305 0.5422 0.557 0.5699 0.5806 0.5799 0.5811
0.1058 0.1034 0.1017 0.1015 0.102 0.1046 0.1079 0.11 0.1113 0.1115 0.1112 0.111 0.1121 0.1143 0.1174 0.1246 0.1415 0.1772 0.2223 0.2625 0.2896 0.2992 0.3008 0.3033 0.3165 0.344 0.3838 0.4273 0.4824 0.4996 0.5215
0.2606 0.2539 0.2506 0.2482 0.2438 0.2388 0.2276 0.2153 0.1999 0.1857 0.1761 0.1718 0.1728 0.1779 0.1888 0.2152 0.2611 0.3391 0.4301 0.5069 0.5577 0.5824 0.5902 0.5933 0.5949 0.5959 0.5964 0.5976 0.5937 0.5908 0.5895
0.0735 0.0678 0.0641 0.0622 0.0614 0.0624 0.0649 0.0692 0.0751 0.0829 0.0937 0.1084 0.1266 0.1481 0.1712 0.1943 0.2151 0.2383 0.2795 0.3439 0.4246 0.4975 0.5393 0.5633 0.5754 0.5819 0.5853 0.5884 0.5858 0.5819 0.5775
0.2992 0.3421 0.3906 0.4464 0.485 0.4991 0.4867 0.4653 0.4332 0.3977 0.3631 0.3272 0.2946 0.2618 0.2315 0.2063 0.1867 0.1692 0.1522 0.1399 0.1349 0.1342 0.1342 0.1348 0.1363 0.1443 0.1598 0.1792 0.2164 0.2661 0.3479
0.4211 0.4203 0.4179 0.4152 0.4139 0.4125 0.4155 0.4204 0.4251 0.4293 0.4356 0.4411 0.4455 0.4474 0.4494 0.4516 0.4513 0.4514 0.4542 0.4622 0.4702 0.4717 0.4713 0.4723 0.4802 0.4973 0.5192 0.5409 0.5611 0.5648 0.5735
0.1455 0.1403 0.1367 0.1359 0.1366 0.1408 0.1497 0.158 0.1682 0.1785 0.1894 0.2005 0.2113 0.2204 0.227 0.2372 0.2567 0.2891 0.3236 0.3482 0.3619 0.3638 0.3632 0.3644 0.3761 0.402 0.4385 0.4773 0.5231 0.5346 0.5509
0.1659 0.1732 0.1802 0.1867 0.1921 0.1919 0.1723 0.1484 0.1188 0.0963 0.0805 0.0652 0.0563 0.0549 0.0535 0.0523 0.0519 0.065 0.1013 0.1547 0.2058 0.2385 0.2508 0.2551 0.2597 0.2752 0.3072 0.351 0.4283 0.4668 0.5154
0.4612 0.4498 0.4417 0.4411 0.449 0.4621 0.4891 0.5176 0.5471 0.565 0.5699 0.5698 0.5638 0.5544 0.5445 0.5354 0.5235 0.5089 0.494 0.4796 0.4648 0.4546 0.4509 0.4509 0.4543 0.4534 0.4417 0.4217 0.4192 0.4669 0.5338
0.0732 0.0785 0.0808 0.0807 0.0765 0.0718 0.0658 0.0606 0.0543 0.0477 0.0427 0.0386 0.035 0.0333 0.0325 0.0325 0.0327 0.0337 0.0376 0.0469 0.0593 0.0683 0.0711 0.0751 0.0818 0.099 0.1292 0.1686 0.2404 0.2824 0.3381
0.242 0.2344 0.2292 0.2276 0.2296 0.2367 0.2513 0.2668 0.2865 0.3082 0.333 0.3576 0.3764 0.3905 0.3965 0.3977 0.3979 0.4013 0.4106 0.4154 0.4169 0.4152 0.4115 0.4115 0.4212 0.4433 0.4731 0.5033 0.5361 0.5433 0.5548
0.4265 0.4138 0.4052 0.4034 0.4096 0.4202 0.4429 0.4654 0.4858 0.492 0.4896 0.4814 0.4707 0.461 0.4576 0.4571 0.4571 0.4589 0.4698 0.4876 0.504 0.5114 0.5131 0.5148 0.5203 0.532 0.5468 0.5606 0.5716 0.5732 0.5785
0.1579 0.1453 0.1366 0.134 0.1376 0.1473 0.1664 0.1877 0.2094 0.2158 0.2092 0.1939 0.1771 0.1617 0.1502 0.1411 0.1324 0.1226 0.1162 0.1145 0.1133 0.1111 0.1086 0.1088 0.117 0.1384 0.1745 0.2201 0.2977 0.3391 0.3938
0.5684 0.5742 0.5771 0.5796 0.5813 0.58 0.5823 0.5852 0.5861 0.5858 0.5859 0.5858 0.5846 0.5826 0.5814 0.5822 0.5812 0.5808 0.5806 0.5808 0.5817 0.5821 0.5815 0.5817 0.5829 0.5856 0.5888 0.5931 0.5929 0.5933 0.5954
0.0316 0.0307 0.0304 0.0305 0.0308 0.0314 0.0321 0.0324 0.0324 0.0323 0.032 0.032 0.0324 0.0334 0.0349 0.0385 0.0437 0.0629 0.1009 0.1577 0.2217 0.271 0.2928 0.3058 0.3223 0.3506 0.3898 0.4325 0.4871 0.5052 0.5266
0.135 0.1723 0.1992 0.2196 0.2308 0.2334 0.2237 0.2123 0.1938 0.1736 0.1546 0.135 0.1173 0.1002 0.0852 0.0717 0.0596 0.0491 0.0411 0.0355 0.0314 0.0288 0.0275 0.0274 0.0277 0.0272 0.0256 0.0239 0.024 0.0328 0.0558
0.2644 0.2627 0.2613 0.2614 0.2621 0.265 0.2687 0.2712 0.2713 0.27 0.2681 0.2668 0.2676 0.2708 0.2765 0.2893 0.3159 0.3679 0.4317 0.4881 0.5284 0.5493 0.5557 0.5597 0.5653 0.5742 0.5845 0.5937 0.5987 0.5981 0.5992
0.2691 0.2483 0.2372 0.2362 0.2452 0.2653 0.3047 0.354 0.4204 0.4743 0.4969 0.4966 0.4822 0.4607 0.4367 0.4153 0.3959 0.3769 0.3573 0.3411 0.331 0.3294 0.3286 0.3288 0.3297 0.3348 0.3367 0.3373 0.3514 0.4002 0.4763
0.2219 0.2133 0.2057 0.204 0.2084 0.2189 0.2407 0.2669 0.3021 0.3363 0.3687 0.4015 0.4315 0.4534 0.4577 0.4449 0.4146 0.3794 0.3457 0.3041 0.2518 0.225 0.2204 0.2133 0.2064 0.1826 0.1331 0.0969 0.0872 0.1308 0.2206
0.2915 0.2989 0.3058 0.3103 0.3104 0.302 0.2707 0.2379 0.1998 0.1719 0.1532 0.1327 0.1202 0.1211 0.1226 0.1232 0.1237 0.1565 0.2325 0.3446 0.4621 0.5449 0.5785 0.593 0.5979 0.5994 0.5996 0.6001 0.5953 0.5913 0.589
0.0595 0.0536 0.0523 0.0533 0.0564 0.062 0.0685 0.0763 0.0905 0.1109 0.1395 0.1753 0.2142 0.251 0.2796 0.3055 0.335 0.378 0.4249 0.461 0.4842 0.4925 0.4943 0.4963 0.5037 0.5181 0.5361 0.5522 0.5664 0.5659 0.5672
0.037 0.0367 0.0368 0.0369 0.037 0.0373 0.0373 0.0368 0.0355 0.0342 0.0327 0.0316 0.031 0.031 0.0314 0.033 0.0356 0.0428 0.0528 0.062 0.0685 0.0695 0.0695 0.0703 0.0764 0.092 0.1196 0.1558 0.2222 0.2619 0.3152
0.4083 0.4277 0.4416 0.452 0.4568 0.4517 0.4254 0.3945 0.3535 0.3196 0.2924 0.2623 0.2415 0.236 0.232 0.2251 0.2219 0.2486 0.2975 0.343 0.3718 0.3835 0.3847 0.3864 0.3943 0.4146 0.4472 0.4843 0.5316 0.5458 0.5666
0.3061 0.3227 0.3301 0.3316 0.3266 0.3185 0.3082 0.2983 0.2834 0.2671 0.2523 0.2368 0.2218 0.2073 0.1958 0.1864 0.177 0.1658 0.1579 0.1554 0.1536 0.151 0.1478 0.1483 0.1583 0.1828 0.2224 0.2708 0.3474 0.3836 0.4318
0.0845 0.0939 0.098 0.0994 0.0977 0.0956 0.0918 0.0871 0.0806 0.0734 0.0667 0.0594 0.0528 0.0464 0.0409 0.0364 0.0327 0.0294 0.0266 0.0253 0.0245 0.024 0.0238 0.0242 0.0255 0.0294 0.0358 0.0474 0.0783 0.107 0.1503
0.1142 0.114 0.1139 0.1144 0.1144 0.1155 0.1152 0.1132 0.1091 0.1039 0.0987 0.0943 0.0929 0.0936 0.096 0.1033 0.119 0.1593 0.2172 0.2786 0.328 0.3541 0.3614 0.3669 0.3805 0.4057 0.4404 0.4765 0.5167 0.5271 0.5408
0.232 0.2302 0.2266 0.2249 0.2264 0.2317 0.2412 0.2491 0.2488 0.2423 0.227 0.2087 0.1909 0.1748 0.162 0.1519 0.1423 0.1314 0.1236 0.1207 0.1183 0.1156 0.1128 0.1129 0.1214 0.1426 0.1783 0.2229 0.2978 0.3367 0.389
0.3465 0.3955 0.4287 0.4606 0.4902 0.5094 0.5226 0.5331 0.5328 0.5269 0.513 0.4923 0.4669 0.4358 0.3998 0.3593 0.3172 0.2808 0.2482 0.2139 0.176 0.1572 0.1528 0.1475 0.1435 0.1279 0.0939 0.0696 0.064 0.1016 0.1799
0.0806 0.0756 0.0729 0.0719 0.0727 0.0767 0.0833 0.0916 0.1039 0.1188 0.1381 0.162 0.1881 0.2128 0.2323 0.253 0.2814 0.3289 0.3855 0.4344 0.4685 0.4845 0.488 0.4914 0.5001 0.5156 0.5349 0.5529 0.5684 0.5691 0.5702
0.4477 0.4423 0.4371 0.4349 0.4374 0.4422 0.4546 0.4676 0.4794 0.485 0.4872 0.4871 0.4828 0.4751 0.4649 0.4551 0.4434 0.4269 0.4108 0.3996 0.3934 0.3866 0.3813 0.3818 0.3932 0.4185 0.4548 0.4927 0.5371 0.5498 0.5704
0.5224 0.5208 0.5194 0.5208 0.524 0.5279 0.5382 0.548 0.5537 0.5537 0.5496 0.543 0.5359 0.5291 0.5276 0.5292 0.5305 0.5336 0.5453 0.5612 0.5761 0.5834 0.5858 0.5873 0.5895 0.5935 0.5978 0.603 0.6038 0.604 0.6059
0.0594 0.0652 0.0697 0.0716 0.0705 0.0669 0.0583 0.0503 0.042 0.0355 0.0313 0.0287 0.0268 0.0263 0.0262 0.0272 0.0289 0.0327 0.0385 0.043 0.046 0.0467 0.0463 0.0473 0.0509 0.0616 0.0819 0.1097 0.1668 0.2049 0.258
0.1013 0.1166 0.1262 0.1265 0.1201 0.1076 0.0909 0.0779 0.064 0.0526 0.0452 0.0395 0.0358 0.0341 0.0338 0.0346 0.0356 0.037 0.0439 0.06 0.0844 0.1065 0.1162 0.1232 0.1355 0.1592 0.1969 0.2431 0.3189 0.3562 0.4047
0.2326 0.211 0.1993 0.1973 0.2051 0.2237 0.2605 0.3074 0.3731 0.4283 0.4519 0.4484 0.4323 0.4134 0.3935 0.3741 0.3579 0.3472 0.3366 0.3273 0.3251 0.3252 0.3254 0.3256 0.3277 0.3434 0.3751 0.418 0.4848 0.5118 0.5483
0.0783 0.0763 0.0756 0.0765 0.0793 0.0843 0.0937 0.1052 0.1204 0.1336 0.1425 0.1465 0.1453 0.1379 0.1245 0.1105 0.0987 0.0876 0.0769 0.0695 0.0677 0.0676 0.0681 0.0688 0.07 0.0761 0.0928 0.1192 0.1811 0.2358 0.3165
0.2355 0.2427 0.2472 0.2493 0.2479 0.2452 0.238 0.2279 0.2136 0.1992 0.1863 0.1742 0.1681 0.1658 0.1648 0.168 0.1813 0.2053 0.2296 0.2466 0.2554 0.2551 0.2534 0.2544 0.2662 0.2935 0.3345 0.3817 0.4465 0.471 0.503
0.1641 0.1569 0.1523 0.1515 0.1521 0.1575 0.1688 0.1804 0.196 0.2133 0.2337 0.2564 0.2789 0.2983 0.3133 0.3311 0.358 0.4036 0.4546 0.495 0.521 0.5322 0.5344 0.5368 0.5419 0.5508 0.5615 0.5716 0.5765 0.5753 0.5755
0.2174 0.2141 0.2116 0.213 0.2174 0.2286 0.2467 0.2651 0.2799 0.2818 0.2698 0.2503 0.229 0.2068 0.1865 0.169 0.1542 0.1375 0.1229 0.1135 0.109 0.1056 0.1032 0.1032 0.1096 0.1271 0.1587 0.2002 0.2749 0.3197 0.3799
0.3327 0.3249 0.3202 0.3185 0.3207 0.3279 0.3443 0.3617 0.3832 0.4062 0.4332 0.4612 0.4837 0.4986 0.5079 0.5155 0.5189 0.5214 0.5267 0.5339 0.541 0.543 0.5434 0.5447 0.5483 0.5561 0.5656 0.5747 0.5793 0.5795 0.5815
0.0551 0.0536 0.0519 0.051 0.0498 0.0494 0.0495 0.0498 0.0503 0.0508 0.0514 0.0522 0.0532 0.054 0.0542 0.0544 0.055 0.055 0.0546 0.0538 0.0529 0.0515 0.05 0.0509 0.0544 0.0661 0.088 0.1185 0.1794 0.22 0.2767
0.0344 0.0327 0.0318 0.0317 0.0322 0.0334 0.0352 0.0373 0.0398 0.0423 0.0455 0.0489 0.0529 0.0568 0.061 0.0669 0.0772 0.1024 0.1396 0.1782 0.2086 0.2232 0.2254 0.2287 0.2416 0.2691 0.3105 0.3583 0.4265 0.4528 0.4854
0.1315 0.1109 0.1004 0.098 0.1032 0.1153 0.1428 0.1806 0.2414 0.3051 0.3535 0.3857 0.4024 0.4081 0.4079 0.4037 0.3953 0.3794 0.3632 0.3517 0.345 0.3384 0.3323 0.3342 0.3425 0.3686 0.4059 0.4471 0.4971 0.511 0.5309
0.2185 0.2164 0.213 0.209 0.2056 0.2042 0.2052 0.2072 0.2095 0.211 0.213 0.214 0.2136 0.2123 0.2107 0.2089 0.206 0.202 0.2032 0.2095 0.2165 0.2169 0.2158 0.2172 0.229 0.2569 0.2997 0.35 0.4239 0.4526 0.4911
