0.07644,0.074786,0.076311,0.079251,0.080065,0.081826,0.085978,0.096955,0.1245,0.16203,0.19482,0.21101,0.20667,0.19147,0.17582,0.16327,0.156,0.15424,0.15862,0.16969,0.18218,0.18503,0.1821,0.18384,0.19817,0.23492,0.29399,0.36096,0.46216,0.5086,0.56983
0.12568,0.12672,0.12553,0.12109,0.1142,0.10621,0.097679,0.089726,0.081094,0.074496,0.070143,0.065962,0.062302,0.059998,0.059796,0.060814,0.062053,0.064022,0.068829,0.077827,0.089179,0.096181,0.09887,0.10178,0.10835,0.12248,0.14477,0.16777,0.19362,0.19678,0.19701
0.071628,0.076115,0.076957,0.077873,0.083526,0.094697,0.11933,0.15121,0.20908,0.29606,0.40576,0.5125,0.58322,0.6197,0.626,0.60655,0.56638,0.51399,0.46237,0.40829,0.34507,0.29009,0.25744,0.23779,0.23049,0.22588,0.21648,0.21365,0.21709,0.22034,0.24241
0.11501,0.11617,0.11854,0.12345,0.13029,0.13788,0.14842,0.16033,0.17299,0.17916,0.17554,0.16575,0.15499,0.14549,0.13816,0.1325,0.12772,0.1234,0.11852,0.1128,0.10639,0.099061,0.093353,0.090271,0.089717,0.092695,0.097956,0.10364,0.10943,0.11181,0.11644
0.37808,0.42622,0.45846,0.48257,0.49639,0.50065,0.50458,0.51019,0.51284,0.51403,0.5195,0.52919,0.53683,0.53613,0.53556,0.53908,0.54586,0.55179,0.55284,0.5498,0.54652,0.54342,0.53996,0.538,0.53909,0.54132,0.54067,0.54049,0.52974,0.52339,0.52699
0.31352,0.34716,0.3691,0.38647,0.40013,0.40762,0.4135,0.42032,0.42464,0.42673,0.42645,0.42085,0.40834,0.38957,0.36706,0.33969,0.30898,0.28122,0.26009,0.2455,0.23347,0.22382,0.21689,0.21299,0.21397,0.21802,0.2208,0.22385,0.21683,0.2058,0.20215
0.32312,0.34314,0.35513,0.36038,0.35776,0.34929,0.33805,0.32817,0.31385,0.29704,0.27998,0.26304,0.24632,0.22871,0.22048,0.22448,0.23812,0.26385,0.30314,0.35652,0.4119,0.4463,0.45692,0.46056,0.46159,0.46297,0.46459,0.46433,0.45552,0.45291,0.45147
0.098649,0.097089,0.094756,0.090988,0.086264,0.081256,0.07758,0.074475,0.070859,0.067319,0.064582,0.062526,0.060214,0.057922,0.057889,0.059902,0.062106,0.064253,0.071879,0.093847,0.13406,0.18022,0.2128,0.2341,0.24834,0.26136,0.27465,0.28344,0.28081,0.26756,0.24672
0.31966,0.34716,0.36877,0.39164,0.41476,0.43769,0.47383,0.52049,0.58786,0.65975,0.72228,0.7676,0.78773,0.78798,0.7773,0.75962,0.73623,0.70804,0.67361,0.62903,0.57447,0.52342,0.48985,0.46935,0.45958,0.45462,0.44642,0.44359,0.44235,0.44855,0.47652
0.17288,0.17884,0.18236,0.18508,0.18789,0.18984,0.19331,0.19761,0.20172,0.20449,0.20539,0.20395,0.2004,0.19536,0.18965,0.18279,0.17408,0.16492,0.15627,0.14761,0.13764,0.12792,0.12126,0.11692,0.1145,0.11301,0.11115,0.11036,0.10827,0.10779,0.11025
0.41848,0.4901,0.5389,0.57321,0.58568,0.58172,0.57761,0.57491,0.56652,0.55717,0.55955,0.57444,0.58768,0.58641,0.59639,0.63032,0.68382,0.73186,0.75313,0.75373,0.75341,0.75234,0.75047,0.7508,0.75323,0.75725,0.76058,0.76225,0.74929,0.74345,0.74369
0.12522,0.12909,0.13355,0.14288,0.15844,0.17982,0.21738,0.26719,0.34548,0.43146,0.49811,0.52811,0.51256,0.46978,0.41645,0.35672,0.29538,0.24095,0.194,0.15644,0.12636,0.10819,0.10001,0.096056,0.095843,0.098583,0.099856,0.10432,0.11184,0.1132,0.12975
0.40991,0.48357,0.53075,0.56442,0.58316,0.58878,0.59225,0.59533,0.59175,0.5921,0.61222,0.64912,0.68443,0.70338,0.71345,0.72052,0.72683,0.73114,0.73316,0.732,0.72937,0.72734,0.72416,0.72262,0.72742,0.73347,0.73394,0.73573,0.72253,0.71101,0.71606
0.33627,0.36549,0.38029,0.38297,0.37244,0.35378,0.32526,0.29565,0.25978,0.23283,0.22088,0.21751,0.21937,0.22235,0.23098,0.25732,0.31512,0.43343,0.57389,0.69175,0.76964,0.80977,0.82398,0.83091,0.8402,0.84946,0.85382,0.85743,0.85016,0.84144,0.83901
0.089385,0.090616,0.09153,0.093533,0.097545,0.10302,0.1126,0.12508,0.14303,0.16068,0.17175,0.17371,0.1668,0.15543,0.14198,0.12652,0.11006,0.096442,0.086188,0.078469,0.071444,0.066321,0.063369,0.061533,0.060777,0.060582,0.059433,0.059096,0.058206,0.057364,0.0605
0.10391,0.10177,0.099954,0.098185,0.094881,0.091246,0.088651,0.088092,0.087725,0.084983,0.081051,0.079696,0.079377,0.077865,0.079301,0.084354,0.088301,0.090714,0.11524,0.19558,0.34656,0.53009,0.6618,0.74313,0.78604,0.80909,0.82197,0.82826,0.82289,0.81551,0.80575
0.32083,0.35296,0.37067,0.38182,0.38894,0.39247,0.39832,0.40105,0.39707,0.39881,0.42391,0.46883,0.51344,0.54411,0.56178,0.57045,0.57205,0.57001,0.5702,0.57012,0.56688,0.56377,0.561,0.55938,0.56289,0.56646,0.56502,0.56505,0.55551,0.54799,0.55112
0.36706,0.43623,0.4843,0.52085,0.5414,0.54209,0.52329,0.49961,0.45609,0.40437,0.35476,0.31064,0.27824,0.25153,0.23164,0.21599,0.20483,0.19875,0.19663,0.19861,0.20167,0.19834,0.19111,0.18766,0.19188,0.2046,0.22213,0.23785,0.23921,0.22667,0.2181
0.16675,0.17412,0.17433,0.17412,0.17993,0.19054,0.20679,0.21726,0.21899,0.22635,0.26702,0.34682,0.44686,0.54395,0.61317,0.65121,0.66031,0.65233,0.6526,0.65525,0.6513,0.64819,0.64594,0.6445,0.65046,0.65632,0.65449,0.65476,0.64524,0.63508,0.63554
0.048618,0.047709,0.047423,0.047602,0.04815,0.048584,0.048857,0.049085,0.049296,0.049779,0.050681,0.051534,0.052106,0.052516,0.053132,0.054378,0.056071,0.059364,0.06398,0.068406,0.070792,0.070114,0.068248,0.066661,0.065317,0.064216,0.063229,0.062302,0.060308,0.059495,0.058442
0.34376,0.38043,0.40343,0.41862,0.42404,0.42268,0.4252,0.42486,0.4174,0.41406,0.43488,0.47822,0.52094,0.54706,0.5715,0.60418,0.64191,0.6691,0.68051,0.6812,0.68106,0.68,0.67845,0.67846,0.68149,0.6853,0.68725,0.68822,0.67768,0.67303,0.67295
0.19004,0.19907,0.20654,0.21844,0.23624,0.25861,0.29495,0.33807,0.39389,0.44422,0.47647,0.48875,0.48011,0.45804,0.42885,0.39301,0.35187,0.30718,0.2619,0.21947,0.18238,0.15768,0.14533,0.13915,0.1384,0.14172,0.14475,0.15108,0.15971,0.16348,0.18076
0.38052,0.42581,0.45633,0.47723,0.483,0.47846,0.47777,0.47616,0.46857,0.46171,0.47159,0.49807,0.52227,0.53056,0.54796,0.58826,0.64654,0.6978,0.7221,0.72478,0.72468,0.72274,0.72087,0.7212,0.72297,0.72584,0.72876,0.72972,0.71838,0.71492,0.71309
0.42308,0.52617,0.5957,0.64699,0.67525,0.6811,0.67555,0.67311,0.66484,0.65551,0.64843,0.64029,0.62739,0.60405,0.58093,0.5605,0.54577,0.53739,0.53023,0.52388,0.51867,0.5121,0.50366,0.49899,0.50228,0.51019,0.51525,0.52016,0.50475,0.48478,0.48074
0.079691,0.077798,0.076218,0.074192,0.07206,0.069613,0.066703,0.06414,0.061635,0.060116,0.059291,0.058109,0.0568,0.056072,0.056296,0.057288,0.058245,0.061227,0.067988,0.077945,0.087481,0.092248,0.092956,0.092696,0.092104,0.09191,0.092264,0.092314,0.090401,0.08853,0.085216
0.059783,0.057452,0.057983,0.059685,0.060427,0.059958,0.058787,0.057961,0.058223,0.059839,0.063604,0.06937,0.075847,0.082189,0.091777,0.10646,0.1235,0.13885,0.1524,0.16487,0.17462,0.17554,0.1717,0.16834,0.1648,0.16218,0.16089,0.15849,0.15313,0.15247,0.14894
0.36211,0.43911,0.49512,0.54789,0.59417,0.62727,0.65329,0.67825,0.69381,0.69355,0.67676,0.64477,0.59998,0.54319,0.48259,0.41922,0.36008,0.31535,0.28229,0.25809,0.23851,0.22447,0.21367,0.20769,0.20918,0.21573,0.22034,0.22658,0.21838,0.20394,0.20909
0.08722,0.084579,0.083343,0.083296,0.084974,0.087267,0.08552,0.083824,0.082186,0.084014,0.091577,0.10228,0.11182,0.11902,0.1225,0.12137,0.11519,0.11939,0.15741,0.22965,0.30655,0.35333,0.36576,0.36815,0.36759,0.36729,0.367,0.36566,0.3579,0.35416,0.35235
0.12851,0.1273,0.12579,0.12467,0.12563,0.12785,0.12405,0.12042,0.11611,0.11802,0.13252,0.15609,0.17952,0.19803,0.20766,0.20671,0.19424,0.19656,0.25977,0.39393,0.5566,0.68412,0.74331,0.77113,0.78257,0.78737,0.78891,0.78936,0.77947,0.77217,0.76898
0.29438,0.30698,0.31607,0.3217,0.31987,0.31398,0.31451,0.3136,0.3085,0.30279,0.30871,0.32707,0.34355,0.34906,0.36557,0.4046,0.45927,0.50495,0.525,0.52621,0.52552,0.52217,0.5196,0.51903,0.51766,0.5168,0.51792,0.5167,0.50767,0.50775,0.50258
0.069127,0.067536,0.067026,0.068138,0.070965,0.07522,0.083058,0.093085,0.1066,0.11729,0.1197,0.11383,0.10216,0.088674,0.076673,0.066759,0.059236,0.055541,0.053277,0.051914,0.051534,0.052005,0.052538,0.052965,0.053085,0.053472,0.053483,0.053357,0.052289,0.051983,0.053263
0.28058,0.30309,0.31393,0.3132,0.30169,0.28213,0.25623,0.23235,0.20463,0.18072,0.16169,0.14373,0.12716,0.11224,0.10434,0.10212,0.10247,0.11,0.13465,0.18454,0.25095,0.30784,0.33849,0.35571,0.36611,0.37529,0.38489,0.39104,0.38482,0.37232,0.35512
0.15909,0.16085,0.16176,0.16249,0.16364,0.16439,0.16606,0.16826,0.16995,0.1704,0.16946,0.16718,0.16446,0.16177,0.15949,0.15758,0.15552,0.15597,0.15898,0.16254,0.16415,0.16311,0.16108,0.15929,0.15796,0.15684,0.15509,0.15365,0.14982,0.14844,0.1484
0.24961,0.26035,0.2651,0.26724,0.2698,0.27178,0.26841,0.26394,0.25642,0.25598,0.2704,0.29424,0.31708,0.33407,0.34024,0.33514,0.32297,0.3324,0.38851,0.48031,0.56562,0.60991,0.61595,0.61389,0.61524,0.61922,0.62037,0.62057,0.6091,0.60111,0.60245
0.28333,0.30265,0.31787,0.33553,0.35499,0.37459,0.40282,0.43443,0.4705,0.50043,0.52256,0.53923,0.54751,0.54672,0.54146,0.53406,0.52482,0.51509,0.50612,0.49764,0.48993,0.48319,0.47752,0.47461,0.47574,0.47986,0.4816,0.48265,0.47158,0.46166,0.45979
0.14311,0.14455,0.14514,0.14479,0.14348,0.14093,0.13656,0.13191,0.12536,0.11959,0.11656,0.1144,0.11023,0.10362,0.098809,0.097185,0.097408,0.10387,0.12413,0.16218,0.21004,0.25005,0.27087,0.28156,0.28564,0.2869,0.28731,0.28678,0.28185,0.27948,0.27658
0.17061,0.1721,0.17599,0.18558,0.19896,0.21846,0.25164,0.29144,0.34511,0.39531,0.43201,0.4538,0.4562,0.44513,0.43173,0.42019,0.41305,0.41247,0.42257,0.44329,0.46555,0.4714,0.46588,0.46673,0.4842,0.52617,0.58608,0.6461,0.71215,0.7278,0.75304
0.36499,0.41098,0.43715,0.44716,0.43949,0.41854,0.38814,0.36093,0.32784,0.29673,0.26945,0.24401,0.21983,0.19494,0.17923,0.17314,0.17474,0.18918,0.229,0.31179,0.43575,0.56438,0.64758,0.69833,0.72993,0.75299,0.76939,0.77942,0.77432,0.76651,0.76369
0.27271,0.28738,0.30113,0.31956,0.34091,0.36367,0.39761,0.43762,0.48772,0.5314,0.56128,0.57985,0.58679,0.5846,0.57921,0.57351,0.56742,0.56155,0.55534,0.54843,0.54246,0.53742,0.53289,0.53078,0.53194,0.53634,0.53842,0.5395,0.52886,0.5202,0.52007
0.09389,0.09787,0.1004,0.10576,0.11582,0.12947,0.15095,0.17396,0.20026,0.22221,0.23698,0.24413,0.24043,0.2279,0.20982,0.18698,0.1613,0.13607,0.11408,0.096478,0.082492,0.074592,0.071077,0.069503,0.070372,0.072475,0.073357,0.075578,0.076842,0.076004,0.082169
0.2975,0.3427,0.37447,0.3998,0.41636,0.42047,0.41373,0.40575,0.39049,0.37351,0.35556,0.33228,0.30423,0.27228,0.24195,0.21317,0.1875,0.16888,0.15525,0.1463,0.13981,0.13435,0.12975,0.12701,0.12717,0.12975,0.1324,0.13534,0.13031,0.12264,0.12175
0.12331,0.12253,0.1238,0.12905,0.13867,0.15416,0.18634,0.22899,0.30175,0.39668,0.50156,0.59697,0.65759,0.68848,0.69973,0.69878,0.68871,0.67514,0.66467,0.65625,0.64771,0.64098,0.63692,0.63579,0.64025,0.64836,0.65303,0.65687,0.64961,0.63619,0.63113
0.25261,0.26659,0.2773,0.28875,0.30068,0.3116,0.32676,0.34404,0.36287,0.37696,0.38494,0.38868,0.38898,0.38565,0.38079,0.3752,0.36828,0.36016,0.34925,0.33243,0.30873,0.28356,0.2655,0.2539,0.2474,0.24339,0.23867,0.23679,0.23509,0.23904,0.25217
0.055834,0.06122,0.060908,0.060788,0.06738,0.081469,0.10821,0.13834,0.18602,0.25971,0.36609,0.48812,0.59161,0.66752,0.70597,0.70879,0.68283,0.6441,0.61508,0.58723,0.54637,0.50727,0.48189,0.46636,0.46491,0.46592,0.45861,0.45664,0.45561,0.45528,0.47681
0.2454,0.25968,0.26134,0.24985,0.22724,0.20032,0.17378,0.15142,0.12868,0.11181,0.10273,0.099237,0.096104,0.091067,0.091062,0.096325,0.10371,0.11566,0.14872,0.22749,0.36012,0.51418,0.62333,0.69154,0.73235,0.75815,0.77336,0.7808,0.77491,0.76688,0.75861
0.17135,0.17591,0.17706,0.17635,0.1746,0.17313,0.17671,0.17644,0.17084,0.17009,0.19159,0.23444,0.27999,0.31538,0.34544,0.37576,0.40345,0.41918,0.4249,0.42385,0.42064,0.41634,0.41318,0.41144,0.41139,0.41085,0.40896,0.40678,0.39821,0.39473,0.39054
0.13481,0.13427,0.13328,0.13115,0.12868,0.12546,0.12047,0.11585,0.11065,0.10704,0.1049,0.1021,0.098348,0.095006,0.092813,0.091101,0.089416,0.095041,0.11405,0.1433,0.16884,0.17686,0.173,0.16898,0.16769,0.16992,0.17403,0.17605,0.17025,0.16248,0.15175
0.18159,0.20019,0.21764,0.24465,0.27991,0.31888,0.36854,0.4198,0.4686,0.48774,0.46787,0.42227,0.36438,0.30136,0.243,0.1913,0.15049,0.12552,0.10787,0.095291,0.087286,0.083003,0.078996,0.077092,0.077343,0.080524,0.082473,0.084375,0.079097,0.075477,0.08393
0.076268,0.075784,0.076777,0.080353,0.087445,0.09857,0.12163,0.1546,0.21497,0.29526,0.37904,0.44595,0.4773,0.48303,0.47338,0.4529,0.42465,0.39613,0.37409,0.35876,0.34532,0.33373,0.32615,0.3223,0.3235,0.32826,0.33134,0.33391,0.32784,0.31424,0.30606
0.094278,0.093992,0.094275,0.094418,0.09249,0.09028,0.092656,0.092186,0.088814,0.088999,0.10586,0.13929,0.17428,0.20088,0.22869,0.26521,0.30619,0.33591,0.34856,0.34837,0.34544,0.34084,0.33781,0.33644,0.33494,0.33307,0.33183,0.32933,0.32189,0.32059,0.31456
0.2256,0.23566,0.23972,0.24148,0.24261,0.24419,0.25126,0.25198,0.24283,0.23999,0.27291,0.34521,0.43264,0.51173,0.57697,0.63273,0.67592,0.69802,0.70919,0.71139,0.70913,0.70638,0.70456,0.70413,0.708,0.71198,0.71241,0.71258,0.7023,0.69619,0.69254
0.15711,0.15948,0.16055,0.16039,0.15927,0.15676,0.15322,0.14942,0.14386,0.13871,0.13507,0.13119,0.1258,0.11914,0.11436,0.11257,0.11313,0.11892,0.1303,0.14584,0.16045,0.16817,0.16967,0.16948,0.16859,0.16765,0.16668,0.16555,0.16162,0.16028,0.15897
0.32501,0.35449,0.37299,0.38425,0.38792,0.38404,0.37551,0.36839,0.3578,0.34685,0.33631,0.32488,0.31412,0.30363,0.29553,0.28905,0.28435,0.28715,0.29872,0.31554,0.32913,0.33172,0.32732,0.32438,0.32688,0.33477,0.34407,0.35248,0.35316,0.3485,0.34887
0.078251,0.077009,0.075538,0.073494,0.071229,0.068878,0.066567,0.064486,0.062459,0.061892,0.063378,0.065419,0.06612,0.065414,0.064856,0.065119,0.065632,0.068501,0.076992,0.093502,0.1165,0.13926,0.15361,0.1619,0.16603,0.16823,0.16966,0.17072,0.17012,0.16914,0.16782
0.25573,0.27406,0.28576,0.29324,0.29624,0.29359,0.28674,0.27894,0.26442,0.24604,0.22636,0.20648,0.18959,0.17531,0.16532,0.15827,0.15303,0.1508,0.1519,0.15617,0.16023,0.1586,0.15436,0.15229,0.15452,0.16213,0.17309,0.18262,0.18526,0.18001,0.1743
0.19321,0.19716,0.20058,0.20531,0.2115,0.21748,0.2246,0.23235,0.23953,0.24324,0.24297,0.24019,0.2369,0.2336,0.23009,0.2266,0.22343,0.22619,0.23531,0.24634,0.2536,0.25454,0.25172,0.24907,0.24762,0.24704,0.24529,0.24357,0.2372,0.23441,0.23493
0.084801,0.084809,0.085958,0.089895,0.097965,0.11044,0.13528,0.17054,0.23306,0.31267,0.39041,0.44687,0.46668,0.46193,0.44298,0.4136,0.37748,0.34402,0.31917,0.30256,0.28848,0.27692,0.26951,0.26574,0.26696,0.27179,0.27483,0.2775,0.27204,0.25875,0.25179
0.39364,0.45409,0.49311,0.51954,0.53195,0.5312,0.52494,0.52093,0.51364,0.50903,0.5116,0.51804,0.52339,0.52207,0.51854,0.51468,0.51186,0.5129,0.51524,0.51596,0.51448,0.51221,0.50887,0.50656,0.50826,0.51088,0.50959,0.50983,0.49974,0.49135,0.49565
0.15307,0.15397,0.15476,0.15629,0.15899,0.16174,0.1657,0.1701,0.17404,0.17583,0.17513,0.17267,0.16978,0.16703,0.16453,0.16237,0.16027,0.16139,0.16569,0.17059,0.17316,0.17248,0.17034,0.16845,0.16709,0.16609,0.16441,0.1629,0.15856,0.15685,0.15667
0.21454,0.21717,0.21896,0.22039,0.22236,0.22348,0.21708,0.21171,0.20566,0.20393,0.20917,0.21803,0.22644,0.2329,0.23476,0.22988,0.2173,0.22318,0.28634,0.41117,0.55384,0.65562,0.69616,0.71282,0.71888,0.72229,0.72433,0.72501,0.71518,0.709,0.7072
0.12821,0.12476,0.12463,0.12538,0.12271,0.11903,0.11983,0.11946,0.11822,0.11715,0.12267,0.13542,0.14721,0.15335,0.16996,0.20777,0.26343,0.32072,0.35802,0.37253,0.37692,0.37391,0.37075,0.36939,0.3668,0.36437,0.36396,0.36142,0.35407,0.35425,0.34723
0.051187,0.053648,0.05427,0.05511,0.058796,0.066717,0.085195,0.10933,0.15572,0.22947,0.32812,0.42994,0.50446,0.55027,0.57076,0.57179,0.55733,0.53282,0.50592,0.47017,0.41949,0.36946,0.33721,0.31727,0.30888,0.30343,0.29466,0.29214,0.29692,0.30353,0.32626
0.10256,0.10017,0.1011,0.1033,0.1009,0.097818,0.10088,0.10106,0.099521,0.099684,0.11246,0.13823,0.16344,0.17961,0.2069,0.2625,0.34639,0.44032,0.50485,0.52744,0.52916,0.52423,0.52287,0.524,0.52425,0.52404,0.52504,0.52393,0.51731,0.51693,0.5089
0.43271,0.54888,0.62646,0.68209,0.71012,0.71293,0.70228,0.69477,0.68114,0.67056,0.66956,0.67259,0.67078,0.65507,0.63847,0.62606,0.62228,0.62883,0.63835,0.64772,0.65556,0.65747,0.65242,0.64938,0.65434,0.66331,0.66821,0.67331,0.65734,0.63773,0.63724
0.095565,0.10098,0.10312,0.10609,0.11372,0.12725,0.15634,0.19722,0.27282,0.37633,0.48399,0.56126,0.57793,0.5511,0.50181,0.43887,0.37181,0.31816,0.28039,0.2542,0.22926,0.20994,0.19903,0.19319,0.19454,0.19932,0.20149,0.20675,0.21008,0.20053,0.20522
0.095291,0.09278,0.091584,0.091043,0.090188,0.089723,0.087802,0.086641,0.086373,0.086937,0.087651,0.088052,0.08903,0.091064,0.094731,0.10227,0.11571,0.14474,0.18956,0.24365,0.29659,0.33391,0.35083,0.36012,0.36761,0.37798,0.39159,0.40518,0.41855,0.42101,0.42446
0.054509,0.053477,0.052937,0.05293,0.05357,0.054321,0.055572,0.056825,0.057876,0.058329,0.058183,0.057535,0.056691,0.055887,0.055287,0.054969,0.054547,0.054343,0.054179,0.053889,0.053708,0.05385,0.054138,0.054259,0.05406,0.053797,0.053519,0.053363,0.052548,0.05211,0.051573
0.32886,0.36065,0.3796,0.39156,0.39553,0.39459,0.39887,0.39836,0.38855,0.38455,0.41337,0.47501,0.5418,0.59227,0.63645,0.68425,0.73238,0.76508,0.78051,0.78273,0.7819,0.78016,0.77857,0.77875,0.78291,0.78771,0.78987,0.79111,0.77971,0.77385,0.772
0.15885,0.15399,0.1525,0.15234,0.15178,0.15103,0.14586,0.14248,0.13975,0.13879,0.14252,0.15064,0.15848,0.16355,0.17117,0.18202,0.19011,0.20812,0.27492,0.40839,0.57635,0.71105,0.77587,0.8076,0.81864,0.82252,0.82556,0.82544,0.81448,0.81021,0.80414
0.12631,0.13013,0.13571,0.14877,0.16918,0.19601,0.23807,0.28773,0.34839,0.39074,0.3953,0.36765,0.31936,0.26366,0.21217,0.16682,0.13063,0.10813,0.091075,0.078291,0.070159,0.066442,0.064114,0.063335,0.063652,0.066321,0.067875,0.069519,0.06812,0.066974,0.0754
0.11763,0.11501,0.11345,0.11287,0.11424,0.11641,0.11327,0.1104,0.10752,0.1092,0.11835,0.13167,0.14374,0.15297,0.15709,0.15476,0.14569,0.15118,0.20278,0.30179,0.40981,0.48014,0.50306,0.51024,0.51176,0.51247,0.51252,0.51129,0.50163,0.49648,0.49428
0.35463,0.40143,0.43454,0.46438,0.49053,0.51253,0.54407,0.58532,0.64044,0.69315,0.7307,0.74945,0.74782,0.73059,0.70528,0.67263,0.6342,0.59134,0.54401,0.49053,0.43049,0.37665,0.34142,0.31997,0.31047,0.30618,0.29841,0.29622,0.29475,0.2998,0.32927
0.065042,0.074144,0.073909,0.07115,0.073498,0.080679,0.09412,0.10398,0.1107,0.12522,0.16191,0.21534,0.26508,0.30068,0.31264,0.2998,0.26752,0.22814,0.19816,0.17348,0.14423,0.12069,0.10716,0.09891,0.099228,0.099539,0.094161,0.0929,0.091536,0.088348,0.097819
0.36325,0.4028,0.42717,0.44327,0.45113,0.45221,0.44817,0.44323,0.43279,0.42911,0.44606,0.47908,0.51095,0.53071,0.54315,0.55269,0.56193,0.5881,0.64903,0.73726,0.81911,0.86061,0.8648,0.86271,0.86608,0.8734,0.87752,0.8793,0.86346,0.85348,0.85561
0.2228,0.23149,0.23778,0.24398,0.25027,0.2553,0.2622,0.27013,0.27779,0.28254,0.28411,0.28334,0.28121,0.2777,0.27394,0.27026,0.2659,0.26216,0.25801,0.25092,0.23951,0.22644,0.21667,0.21009,0.20592,0.20275,0.19876,0.19637,0.19257,0.19337,0.19908
0.4476,0.57029,0.65368,0.71343,0.74023,0.73956,0.7258,0.71659,0.70054,0.6828,0.67035,0.66281,0.6541,0.63332,0.62233,0.63037,0.65908,0.70156,0.74307,0.78248,0.82042,0.84241,0.84524,0.84593,0.85087,0.8587,0.86297,0.86602,0.84774,0.83404,0.83891
0.33462,0.36479,0.38345,0.39535,0.39806,0.3955,0.39921,0.39828,0.38849,0.38407,0.41214,0.47317,0.53873,0.58719,0.63333,0.68939,0.75072,0.79577,0.81725,0.82043,0.82007,0.81852,0.81744,0.81835,0.82242,0.82723,0.83032,0.83158,0.81985,0.81518,0.8122
0.16613,0.16232,0.16199,0.16233,0.15713,0.15111,0.15207,0.15124,0.14904,0.14618,0.15028,0.16252,0.17354,0.17764,0.19806,0.25325,0.34355,0.45117,0.52811,0.55768,0.5621,0.55727,0.55572,0.5568,0.55664,0.55617,0.55731,0.5561,0.54949,0.55,0.54185
0.27411,0.29062,0.29895,0.30282,0.30442,0.30339,0.30155,0.29868,0.29239,0.29047,0.29987,0.31632,0.33112,0.33973,0.34218,0.33998,0.33516,0.33712,0.34929,0.36517,0.37504,0.37671,0.37358,0.37051,0.37083,0.37173,0.36986,0.36896,0.36188,0.35681,0.35815
0.22401,0.23537,0.24215,0.24569,0.24614,0.2428,0.23664,0.2301,0.21893,0.20541,0.19101,0.17612,0.16336,0.15298,0.14603,0.14127,0.13785,0.13822,0.14328,0.15178,0.15887,0.15864,0.1548,0.15278,0.15492,0.16229,0.17295,0.18228,0.18617,0.18238,0.17789
0.44384,0.56194,0.64012,0.69674,0.72706,0.73343,0.72733,0.7237,0.71411,0.71067,0.7248,0.75129,0.7763,0.78577,0.78641,0.78342,0.78327,0.79228,0.80667,0.81943,0.82761,0.83188,0.82962,0.82826,0.83553,0.84503,0.84652,0.84953,0.83281,0.81618,0.82548
0.065657,0.065434,0.065055,0.064404,0.063749,0.062858,0.062285,0.061929,0.061535,0.06132,0.061157,0.060551,0.059569,0.058562,0.057994,0.057938,0.057938,0.058407,0.058946,0.059135,0.058836,0.058188,0.057718,0.057328,0.056909,0.056534,0.05616,0.055897,0.054905,0.054372,0.053655
0.43017,0.52758,0.59258,0.63749,0.65636,0.65207,0.63185,0.61397,0.58637,0.55638,0.52815,0.50067,0.47492,0.44581,0.42469,0.41344,0.41481,0.4322,0.46231,0.50257,0.54236,0.56098,0.55985,0.56001,0.57184,0.59718,0.62844,0.6573,0.66983,0.65976,0.66269
0.1532,0.15778,0.16134,0.16641,0.17368,0.18136,0.19195,0.20304,0.21396,0.221,0.22343,0.22209,0.21723,0.20979,0.20083,0.19001,0.17724,0.16469,0.1546,0.14733,0.1414,0.13644,0.13288,0.13081,0.13048,0.1316,0.13231,0.13286,0.12854,0.12388,0.12141
0.11974,0.11978,0.11902,0.11776,0.11724,0.11676,0.11439,0.11175,0.10858,0.10875,0.11429,0.12218,0.12872,0.13321,0.13462,0.1329,0.12895,0.13338,0.15493,0.1887,0.21772,0.22893,0.2267,0.22279,0.22064,0.21973,0.21821,0.21632,0.20994,0.20671,0.20554
0.39453,0.4567,0.49719,0.52498,0.53853,0.53814,0.5316,0.52753,0.52015,0.51468,0.51431,0.51563,0.51519,0.50868,0.50071,0.49202,0.48329,0.47625,0.4698,0.4632,0.45642,0.45015,0.44448,0.44103,0.44231,0.44549,0.44565,0.44665,0.43544,0.4241,0.42378
0.12087,0.12146,0.12152,0.12106,0.12021,0.11867,0.11578,0.11247,0.10789,0.10492,0.10559,0.10743,0.10657,0.10249,0.098928,0.097478,0.097518,0.1039,0.12296,0.15646,0.19578,0.22605,0.24025,0.24703,0.24945,0.25012,0.2502,0.2496,0.24512,0.24286,0.24052
0.3452,0.41523,0.4657,0.50675,0.53286,0.53823,0.52172,0.49907,0.4553,0.40249,0.35148,0.30578,0.27204,0.24397,0.22187,0.20332,0.18887,0.17923,0.17313,0.17079,0.17041,0.1666,0.16027,0.15691,0.15911,0.1675,0.17917,0.18973,0.18691,0.17535,0.16913
0.080645,0.077682,0.075739,0.073628,0.071217,0.068539,0.06486,0.062337,0.060605,0.059627,0.058745,0.057568,0.056447,0.055835,0.056821,0.058991,0.059986,0.062854,0.077747,0.11112,0.15724,0.1991,0.22264,0.23509,0.23941,0.24011,0.23984,0.23891,0.23546,0.23426,0.23184
0.36964,0.4172,0.44397,0.45241,0.44221,0.41746,0.38095,0.3475,0.30817,0.27394,0.24603,0.21894,0.1935,0.16939,0.1551,0.1495,0.15006,0.16369,0.19966,0.26417,0.34248,0.40196,0.42892,0.44287,0.45233,0.46225,0.47284,0.47973,0.47021,0.45423,0.43624
0.1278,0.13173,0.13067,0.12936,0.13273,0.13986,0.15116,0.1568,0.15389,0.15649,0.1907,0.26248,0.355,0.44647,0.5149,0.55749,0.57454,0.57261,0.57417,0.57608,0.57254,0.56941,0.56713,0.56564,0.57,0.57417,0.57244,0.57223,0.56359,0.55521,0.55359
0.25515,0.27347,0.28519,0.29413,0.3011,0.30433,0.30701,0.31016,0.31117,0.31076,0.30966,0.30629,0.29972,0.29003,0.27868,0.26479,0.24809,0.23168,0.21851,0.20906,0.20102,0.19395,0.18881,0.18573,0.18553,0.18721,0.18826,0.1894,0.1837,0.17682,0.17355
0.10237,0.099546,0.097646,0.095548,0.092654,0.08932,0.084498,0.081408,0.079089,0.077007,0.074785,0.072823,0.070969,0.069102,0.069273,0.071009,0.070795,0.073177,0.097663,0.1608,0.25826,0.35831,0.42158,0.45812,0.47525,0.48349,0.48859,0.49148,0.4894,0.4871,0.48354
0.057217,0.060578,0.061838,0.062891,0.06622,0.072667,0.088247,0.11339,0.16645,0.24365,0.32379,0.37756,0.3829,0.35535,0.31209,0.25993,0.20649,0.1662,0.13865,0.11955,0.10081,0.087096,0.080172,0.076027,0.075319,0.075011,0.071517,0.071086,0.072697,0.069257,0.077703
0.145,0.14481,0.14361,0.14274,0.14459,0.14798,0.14556,0.14236,0.13766,0.13967,0.15529,0.18016,0.20439,0.22357,0.23249,0.22977,0.21712,0.22327,0.28593,0.40318,0.52787,0.6081,0.63374,0.64179,0.64555,0.64899,0.65047,0.65063,0.63999,0.63281,0.63166
0.18799,0.20544,0.21993,0.24123,0.2699,0.30223,0.345,0.38997,0.43614,0.46326,0.46327,0.44214,0.40512,0.35829,0.30922,0.25928,0.21281,0.1766,0.14834,0.12687,0.1101,0.099676,0.093147,0.089791,0.090165,0.093528,0.095387,0.098669,0.097426,0.094636,0.10505
0.26215,0.27699,0.28278,0.28506,0.28876,0.29303,0.29183,0.28762,0.27755,0.27757,0.30396,0.3513,0.40125,0.44227,0.46389,0.46497,0.45099,0.45767,0.52343,0.63702,0.7457,0.80597,0.8176,0.81785,0.82271,0.83036,0.8332,0.83486,0.82075,0.8092,0.81064
0.11466,0.11863,0.12146,0.1259,0.13304,0.14221,0.15715,0.17557,0.19976,0.22066,0.23021,0.22671,0.21158,0.19061,0.16807,0.14444,0.12159,0.10486,0.093361,0.085351,0.077965,0.072141,0.068246,0.065818,0.065026,0.065126,0.063859,0.063421,0.061638,0.060361,0.064989
0.064125,0.064543,0.064283,0.063848,0.061405,0.058411,0.057733,0.059028,0.060822,0.060103,0.058463,0.059716,0.061051,0.059285,0.059683,0.064147,0.067987,0.066712,0.080791,0.14949,0.30028,0.50142,0.65332,0.74803,0.79644,0.81873,0.82761,0.83087,0.82399,0.81616,0.80614
0.11659,0.11368,0.1155,0.12286,0.13474,0.15184,0.18397,0.22773,0.3024,0.39501,0.48771,0.56327,0.60472,0.62079,0.62245,0.61652,0.60493,0.5909,0.57511,0.55317,0.52206,0.48935,0.46662,0.45237,0.44491,0.44068,0.434,0.43078,0.4297,0.43331,0.45065
0.20623,0.25307,0.29751,0.34926,0.39783,0.42924,0.43563,0.4313,0.40583,0.36573,0.31884,0.26919,0.22456,0.18263,0.14532,0.11418,0.092274,0.081871,0.075464,0.070279,0.067991,0.068323,0.067982,0.067822,0.066513,0.067193,0.06989,0.072409,0.067327,0.064001,0.068022
0.40797,0.48172,0.52882,0.56254,0.58178,0.58815,0.59238,0.59596,0.59282,0.59424,0.61684,0.65737,0.69666,0.71928,0.73138,0.73878,0.74436,0.74819,0.75039,0.74907,0.74585,0.74412,0.74167,0.7407,0.74622,0.75281,0.75338,0.75552,0.74269,0.73083,0.73625
0.28337,0.34252,0.39054,0.43652,0.47228,0.488,0.47948,0.4646,0.43417,0.39838,0.36144,0.32039,0.2795,0.23824,0.20101,0.16837,0.14267,0.1269,0.11567,0.10775,0.10301,0.10014,0.097296,0.095513,0.094564,0.096023,0.098914,0.10201,0.09673,0.090567,0.09239
0.32783,0.35868,0.38231,0.40658,0.42974,0.45047,0.47927,0.51351,0.55468,0.59004,0.61497,0.63115,0.63685,0.63254,0.62444,0.61502,0.60464,0.59426,0.58425,0.57476,0.5668,0.56005,0.55404,0.55108,0.55288,0.55847,0.56143,0.56356,0.55169,0.54036,0.53949
0.27339,0.28803,0.29755,0.30373,0.30304,0.29963,0.30444,0.30441,0.29692,0.29337,0.31841,0.37294,0.43013,0.47096,0.5146,0.57571,0.64892,0.70865,0.73969,0.74622,0.74676,0.74472,0.7438,0.74503,0.74765,0.75077,0.75396,0.7546,0.74462,0.74291,0.73801
0.26145,0.27591,0.28588,0.2946,0.30205,0.30712,0.31408,0.32235,0.33016,0.33525,0.33807,0.33928,0.33881,0.33581,0.33238,0.32925,0.32557,0.32228,0.31849,0.31236,0.30305,0.29259,0.28453,0.27904,0.27577,0.27331,0.2695,0.26714,0.26157,0.26077,0.26572
0.11378,0.12564,0.12684,0.12419,0.12337,0.12634,0.13256,0.13292,0.12604,0.12829,0.15934,0.21323,0.26498,0.30062,0.31433,0.30828,0.28971,0.26959,0.26263,0.26455,0.26487,0.26705,0.26926,0.27308,0.28876,0.31327,0.34145,0.37684,0.4322,0.46124,0.5131
0.10245,0.097407,0.095424,0.094791,0.094764,0.094471,0.089838,0.086929,0.085213,0.084782,0.085214,0.085741,0.086248,0.086841,0.088428,0.089671,0.086111,0.088481,0.12638,0.21414,0.33053,0.42914,0.47956,0.50441,0.51148,0.51128,0.51023,0.50867,0.50206,0.49908,0.49443
0.27262,0.28942,0.29931,0.30468,0.30562,0.30238,0.29701,0.29132,0.28233,0.27516,0.27345,0.27321,0.2686,0.2581,0.24922,0.24529,0.24671,0.25885,0.28135,0.31056,0.33677,0.34957,0.35077,0.34971,0.34928,0.34936,0.34853,0.34736,0.33956,0.33588,0.33554
0.10701,0.10558,0.10507,0.10451,0.10309,0.10095,0.10041,0.099635,0.098428,0.098082,0.10134,0.10776,0.11383,0.11779,0.12428,0.13539,0.14803,0.1555,0.15633,0.15374,0.15162,0.14896,0.14708,0.14589,0.14404,0.14218,0.14112,0.13955,0.136,0.13587,0.13312
0.27375,0.31003,0.3357,0.35811,0.37625,0.38594,0.38885,0.39079,0.38757,0.38137,0.37165,0.35433,0.32906,0.2978,0.26482,0.23005,0.19631,0.17089,0.15367,0.143,0.13472,0.1285,0.12381,0.12101,0.12141,0.12406,0.12599,0.12857,0.12357,0.11553,0.11547
0.20267,0.20557,0.20078,0.18601,0.16399,0.14103,0.11789,0.10008,0.084881,0.075762,0.071922,0.07064,0.069349,0.067701,0.069955,0.075394,0.080574,0.09808,0.15521,0.27163,0.43437,0.59265,0.68977,0.74573,0.77518,0.79207,0.80323,0.81047,0.80848,0.80209,0.79394
0.064718,0.064083,0.064067,0.065638,0.064414,0.065138,0.065607,0.063597,0.062702,0.067328,0.079109,0.093734,0.10695,0.11714,0.1328,0.17775,0.27587,0.45885,0.64704,0.76758,0.81745,0.83066,0.83416,0.83729,0.84518,0.85251,0.85322,0.85333,0.84453,0.83478,0.82914
0.16697,0.16402,0.16673,0.17632,0.19076,0.21028,0.24544,0.29197,0.36475,0.44477,0.514,0.56414,0.58804,0.59475,0.59424,0.59201,0.58866,0.58626,0.58366,0.57954,0.57532,0.57175,0.56898,0.56791,0.5688,0.57228,0.57321,0.57338,0.56539,0.55852,0.55921
0.20152,0.20594,0.21018,0.21666,0.22538,0.23485,0.24912,0.26513,0.28286,0.29577,0.30216,0.30422,0.30329,0.29999,0.29614,0.29246,0.28805,0.28338,0.2777,0.26924,0.25735,0.24437,0.2347,0.22827,0.22404,0.22086,0.21665,0.21369,0.20863,0.20902,0.2144
0.32226,0.35901,0.38263,0.3983,0.40544,0.40334,0.39634,0.38991,0.379,0.36798,0.35837,0.34656,0.33094,0.31111,0.29336,0.27829,0.26584,0.25777,0.25234,0.24937,0.24657,0.24124,0.23545,0.23189,0.232,0.23479,0.23752,0.23987,0.23262,0.22343,0.21827
0.27465,0.29062,0.30454,0.32288,0.34498,0.37004,0.41031,0.45911,0.52575,0.59358,0.65226,0.6972,0.71938,0.72295,0.71637,0.70382,0.68685,0.66889,0.65325,0.63999,0.62871,0.61965,0.61288,0.6101,0.61349,0.62193,0.62745,0.6315,0.62049,0.6065,0.60297
0.12666,0.13004,0.13195,0.13336,0.13436,0.13456,0.13421,0.13368,0.13088,0.12548,0.11766,0.10861,0.10043,0.093245,0.087155,0.081808,0.07723,0.07439,0.072778,0.071539,0.069944,0.069208,0.069154,0.069352,0.070772,0.073842,0.078158,0.084816,0.099586,0.113,0.13329
0.31812,0.35145,0.37039,0.38557,0.40023,0.41453,0.43628,0.45472,0.46706,0.4829,0.52465,0.5932,0.66488,0.72072,0.75614,0.7752,0.78101,0.77904,0.7805,0.78149,0.77851,0.77664,0.77465,0.77399,0.78062,0.78807,0.78829,0.78983,0.77776,0.76689,0.77084
0.069787,0.07143,0.072986,0.07489,0.076836,0.077687,0.077218,0.076123,0.073501,0.070156,0.06641,0.062029,0.057494,0.053148,0.049358,0.046225,0.0438,0.042978,0.042854,0.043104,0.044331,0.04713,0.049884,0.051749,0.052841,0.053507,0.053584,0.053367,0.052134,0.052062,0.052748
0.20746,0.21376,0.21695,0.217,0.21409,0.20824,0.19937,0.19062,0.1792,0.16873,0.16049,0.1521,0.14226,0.13132,0.124,0.12113,0.12124,0.12924,0.15035,0.18555,0.22434,0.25045,0.26017,0.26387,0.26456,0.26455,0.26455,0.26366,0.25781,0.25526,0.25243
0.2106,0.22746,0.24143,0.2591,0.28004,0.30243,0.33406,0.37316,0.42249,0.45903,0.46312,0.43472,0.38322,0.32264,0.26511,0.21215,0.16765,0.14007,0.12207,0.11072,0.10252,0.096553,0.091624,0.088769,0.088086,0.089889,0.089953,0.090327,0.085748,0.081871,0.089307
0.40818,0.48314,0.53188,0.56651,0.58567,0.58991,0.58082,0.57365,0.56203,0.55713,0.56594,0.58264,0.5987,0.60629,0.60456,0.59492,0.58496,0.60237,0.66063,0.74444,0.81844,0.85585,0.85882,0.85619,0.86115,0.87029,0.87359,0.87648,0.86,0.84516,0.85155
0.12565,0.12254,0.12194,0.12205,0.12021,0.11762,0.11867,0.11876,0.11768,0.11643,0.12053,0.13057,0.14003,0.14509,0.15721,0.18293,0.218,0.24874,0.26476,0.26848,0.26895,0.26576,0.26285,0.26127,0.25842,0.25558,0.25441,0.25174,0.24529,0.24539,0.23983
0.064932,0.061576,0.058042,0.05778,0.065668,0.079097,0.095573,0.1096,0.1182,0.12936,0.16986,0.26081,0.40226,0.56599,0.69789,0.78294,0.81848,0.81673,0.82022,0.82427,0.821,0.81988,0.81937,0.81924,0.82714,0.83635,0.83648,0.83721,0.82572,0.81387,0.81106
0.22616,0.22997,0.23634,0.24841,0.2653,0.28628,0.32136,0.36564,0.42864,0.49122,0.53876,0.5684,0.57899,0.57755,0.57054,0.56085,0.54839,0.53353,0.51358,0.48427,0.44519,0.40548,0.37811,0.36105,0.35145,0.34615,0.33971,0.33713,0.33726,0.34422,0.36511
0.082968,0.081376,0.079975,0.078515,0.077596,0.076776,0.075381,0.073975,0.072525,0.072664,0.074851,0.077421,0.079123,0.080167,0.080524,0.080475,0.080279,0.084733,0.09592,0.11044,0.12107,0.12324,0.12047,0.1176,0.11567,0.11435,0.11293,0.1115,0.10809,0.10661,0.10551
0.31996,0.35189,0.37243,0.38565,0.39028,0.38648,0.37706,0.36758,0.35074,0.32972,0.30742,0.28506,0.26558,0.24781,0.23592,0.22915,0.22688,0.23081,0.24141,0.25797,0.27375,0.27747,0.27315,0.27138,0.2771,0.29227,0.31323,0.33232,0.34383,0.34058,0.33988
0.072825,0.07116,0.069994,0.06948,0.070707,0.072932,0.070486,0.068155,0.066119,0.069318,0.081401,0.098992,0.11552,0.12847,0.13516,0.13455,0.12667,0.13119,0.17815,0.26907,0.36874,0.43446,0.45644,0.46349,0.46504,0.46521,0.46425,0.46237,0.45291,0.44767,0.44544
0.15751,0.16234,0.1635,0.16276,0.16195,0.16108,0.16239,0.16188,0.1586,0.159,0.17107,0.19185,0.21108,0.22354,0.23098,0.23557,0.23713,0.23614,0.23518,0.23393,0.23122,0.22816,0.22597,0.22442,0.22429,0.22368,0.22147,0.21993,0.21495,0.21203,0.21098
0.33301,0.39277,0.43606,0.47579,0.50949,0.53121,0.5445,0.55704,0.56294,0.56036,0.54676,0.5187,0.47721,0.42546,0.37119,0.3152,0.26321,0.22588,0.20069,0.18465,0.17252,0.16409,0.15741,0.15363,0.15489,0.15961,0.16257,0.16635,0.15799,0.14519,0.14671
0.23983,0.25125,0.25752,0.26063,0.26142,0.2595,0.25752,0.2554,0.251,0.24795,0.24949,0.25319,0.25506,0.25334,0.25094,0.24911,0.24733,0.24759,0.24977,0.2524,0.25328,0.25185,0.24963,0.24775,0.2469,0.24606,0.24393,0.24236,0.2367,0.23398,0.23403
0.14128,0.14021,0.14148,0.14307,0.13956,0.13506,0.13797,0.13767,0.13434,0.13284,0.14753,0.17917,0.21057,0.23083,0.26178,0.3195,0.40028,0.47966,0.52775,0.54157,0.54248,0.53825,0.53658,0.53734,0.53707,0.5368,0.53864,0.53782,0.53062,0.53097,0.52272
0.32129,0.35793,0.37798,0.38297,0.37183,0.35025,0.31822,0.28732,0.24958,0.21566,0.18867,0.16395,0.14361,0.1264,0.11676,0.11261,0.11309,0.11925,0.14001,0.18027,0.22792,0.25475,0.26054,0.26692,0.28783,0.33606,0.41373,0.49925,0.61158,0.64783,0.69139
0.20673,0.21476,0.21826,0.21975,0.2199,0.21953,0.21823,0.21495,0.20804,0.2059,0.21786,0.23816,0.25051,0.24953,0.24508,0.24304,0.2446,0.26148,0.30944,0.39326,0.4943,0.57786,0.62106,0.64416,0.65715,0.66557,0.67061,0.67314,0.6649,0.65878,0.65616
0.085295,0.08686,0.087372,0.09062,0.098501,0.11115,0.1334,0.15643,0.18407,0.21413,0.25104,0.29302,0.32726,0.34911,0.35983,0.36291,0.36034,0.35553,0.35335,0.35187,0.34858,0.34547,0.34279,0.34119,0.34247,0.34381,0.34145,0.33952,0.33133,0.3252,0.32524
0.081995,0.077435,0.076077,0.076579,0.077701,0.079142,0.081837,0.081475,0.074671,0.069351,0.088867,0.14963,0.24919,0.36464,0.46999,0.56019,0.627,0.65893,0.67433,0.67699,0.67494,0.67285,0.67183,0.67188,0.67456,0.67836,0.68,0.68014,0.67144,0.66717,0.66003
0.35232,0.39039,0.41448,0.42952,0.43485,0.4308,0.42107,0.4131,0.40123,0.38908,0.37752,0.36505,0.35328,0.34139,0.33191,0.32418,0.3189,0.32235,0.33477,0.35188,0.36521,0.36742,0.36257,0.35946,0.36253,0.37131,0.3811,0.38996,0.38938,0.38282,0.38256
0.12369,0.12604,0.1236,0.1175,0.10802,0.098329,0.09471,0.091746,0.087024,0.080479,0.074693,0.073058,0.070664,0.066098,0.06419,0.065594,0.070508,0.072522,0.073577,0.095574,0.16699,0.28131,0.37869,0.44779,0.50052,0.54708,0.58454,0.60642,0.60459,0.58682,0.56453
0.039384,0.044725,0.045071,0.044918,0.049426,0.059777,0.082305,0.10848,0.15459,0.23183,0.34681,0.47787,0.58543,0.66152,0.70182,0.71,0.69161,0.65917,0.63655,0.62235,0.60715,0.59533,0.58858,0.58626,0.595,0.60822,0.6163,0.62394,0.61687,0.59514,0.58215
0.45808,0.60978,0.71441,0.79345,0.83698,0.84699,0.83828,0.83519,0.82785,0.82372,0.8283,0.83819,0.84728,0.84324,0.83628,0.83113,0.83281,0.83949,0.84176,0.83772,0.83432,0.83449,0.83189,0.83108,0.83796,0.84747,0.84943,0.85303,0.83481,0.81651,0.8274
0.333,0.36722,0.38933,0.40464,0.41286,0.41337,0.41136,0.411,0.40841,0.40583,0.40475,0.40338,0.40066,0.39483,0.3884,0.38151,0.37411,0.369,0.36571,0.36258,0.35825,0.35307,0.34831,0.34522,0.34526,0.34681,0.34651,0.34676,0.33837,0.33069,0.32952
0.13887,0.13938,0.13979,0.1407,0.14255,0.14437,0.14724,0.15047,0.15324,0.15437,0.15365,0.15151,0.14898,0.14656,0.14447,0.14278,0.14108,0.14184,0.14492,0.1483,0.14983,0.14896,0.1472,0.14564,0.14443,0.14343,0.14187,0.14049,0.13674,0.13527,0.13488
0.088182,0.088904,0.089086,0.089037,0.089129,0.088793,0.088587,0.087881,0.086254,0.085343,0.086362,0.087739,0.087348,0.085041,0.08254,0.080652,0.079184,0.078925,0.079513,0.080409,0.080824,0.080363,0.07973,0.079211,0.07888,0.078698,0.078549,0.078423,0.076609,0.075078,0.073355
0.1396,0.14345,0.14612,0.1499,0.15576,0.16227,0.17175,0.18184,0.19216,0.19952,0.20304,0.20287,0.19868,0.19152,0.1825,0.17134,0.15814,0.1455,0.13576,0.1291,0.12364,0.11905,0.11575,0.1138,0.11357,0.11463,0.11526,0.11589,0.11238,0.10824,0.10634
0.3844,0.43862,0.4769,0.50901,0.53198,0.54511,0.55769,0.57367,0.58923,0.60021,0.60787,0.61411,0.61787,0.61487,0.61018,0.60635,0.60409,0.60382,0.60218,0.59656,0.58803,0.57879,0.57024,0.56477,0.56404,0.56557,0.56379,0.56392,0.55475,0.5499,0.56028
0.29051,0.30838,0.31994,0.32761,0.32793,0.32502,0.33,0.32993,0.32187,0.31802,0.34398,0.40052,0.46011,0.50292,0.54768,0.60929,0.68292,0.74392,0.77658,0.78398,0.7846,0.78268,0.78193,0.78331,0.78641,0.79007,0.79351,0.79457,0.78408,0.78108,0.7755
0.046123,0.044562,0.044197,0.044677,0.045664,0.046536,0.047081,0.047596,0.048216,0.04899,0.049973,0.050827,0.05144,0.051993,0.053064,0.055069,0.057484,0.061178,0.066619,0.072635,0.076534,0.075886,0.073155,0.070825,0.068802,0.067263,0.066145,0.064961,0.062486,0.06167,0.060266
0.088809,0.086679,0.087395,0.089238,0.086512,0.083675,0.086929,0.086115,0.081375,0.079674,0.099681,0.14685,0.20686,0.26341,0.32579,0.40984,0.51586,0.6269,0.70622,0.73689,0.74101,0.73768,0.73791,0.74055,0.74406,0.74739,0.75006,0.75035,0.74249,0.74002,0.73086
0.39801,0.46885,0.51593,0.54898,0.56454,0.56294,0.54928,0.53534,0.50892,0.47568,0.44153,0.40919,0.38316,0.35901,0.34158,0.32941,0.3232,0.32408,0.33175,0.34586,0.36002,0.36081,0.35269,0.34962,0.3591,0.38293,0.41476,0.44413,0.45899,0.44814,0.44339
0.29504,0.32074,0.33347,0.3433,0.35549,0.36928,0.38952,0.40485,0.41147,0.42281,0.46664,0.5471,0.64167,0.72683,0.78521,0.81671,0.82435,0.81848,0.81964,0.82208,0.81869,0.81655,0.81464,0.81378,0.8213,0.82948,0.8293,0.83107,0.81933,0.80724,0.80992
0.1281,0.12325,0.12113,0.11992,0.11894,0.11739,0.11106,0.10683,0.10371,0.10175,0.10018,0.098426,0.097228,0.096888,0.097997,0.098825,0.094533,0.096988,0.13814,0.23452,0.36499,0.47944,0.5407,0.57202,0.58232,0.58375,0.58362,0.58278,0.57645,0.57327,0.56847
0.10671,0.11389,0.11958,0.12877,0.14199,0.15776,0.17995,0.20266,0.22514,0.23746,0.23626,0.2239,0.20118,0.17133,0.14149,0.11413,0.092094,0.078813,0.069862,0.063815,0.060089,0.059127,0.058764,0.058969,0.060222,0.06235,0.06341,0.064706,0.062884,0.060864,0.064824
0.1142,0.11603,0.11614,0.1154,0.11425,0.11326,0.11186,0.10967,0.10617,0.1061,0.11441,0.12725,0.13466,0.13385,0.13108,0.12968,0.12953,0.13776,0.16736,0.22484,0.2991,0.3646,0.40082,0.42063,0.43068,0.43613,0.43919,0.44055,0.43527,0.43106,0.4278
0.31734,0.39015,0.44666,0.50566,0.56256,0.60647,0.63924,0.66832,0.68786,0.69315,0.68204,0.65093,0.59907,0.53021,0.45357,0.37194,0.29602,0.24284,0.20868,0.18702,0.17015,0.15943,0.15125,0.14695,0.14948,0.15736,0.16382,0.17225,0.16697,0.15212,0.15853
0.085048,0.082778,0.083128,0.084463,0.083977,0.082527,0.083952,0.084499,0.08444,0.084717,0.090264,0.10153,0.11237,0.1191,0.13163,0.15564,0.18692,0.21173,0.22165,0.2204,0.21759,0.2135,0.21089,0.20962,0.20693,0.20408,0.20287,0.20039,0.19489,0.19503,0.18989
0.09064,0.088748,0.086886,0.084207,0.081173,0.077762,0.07397,0.070667,0.067347,0.065028,0.063458,0.061657,0.059929,0.058879,0.059018,0.060146,0.061161,0.063922,0.070705,0.082039,0.095064,0.10491,0.1096,0.11167,0.11188,0.11135,0.11077,0.11014,0.10834,0.10763,0.10596
0.43898,0.55333,0.63049,0.68706,0.71743,0.72282,0.71512,0.7114,0.70275,0.69545,0.69354,0.69312,0.68946,0.67494,0.65891,0.644,0.63368,0.62878,0.62403,0.61824,0.61299,0.60777,0.60076,0.59699,0.60121,0.60938,0.61332,0.61785,0.60215,0.58273,0.5827
0.36574,0.39942,0.42268,0.43849,0.44163,0.43622,0.43519,0.43397,0.42772,0.41947,0.42115,0.43429,0.44581,0.44576,0.45803,0.49436,0.54819,0.59414,0.61384,0.61449,0.61423,0.6119,0.6096,0.60936,0.60927,0.61026,0.61245,0.61234,0.60188,0.60038,0.59765
0.11752,0.12026,0.12383,0.13198,0.14611,0.16604,0.20203,0.25073,0.32949,0.4182,0.48882,0.52208,0.50786,0.4653,0.41175,0.35168,0.29008,0.23604,0.19002,0.15367,0.12456,0.10689,0.098968,0.095116,0.094881,0.097495,0.09864,0.10293,0.11034,0.11125,0.12694
0.22251,0.23126,0.23813,0.24905,0.26521,0.28672,0.32399,0.36659,0.42237,0.48105,0.54095,0.59866,0.63966,0.66203,0.67068,0.67046,0.66342,0.65361,0.64649,0.64039,0.63344,0.62739,0.6225,0.62038,0.62386,0.63025,0.63231,0.63382,0.62289,0.61179,0.61103
0.27047,0.28263,0.28846,0.29145,0.29452,0.29666,0.29213,0.28681,0.27847,0.27778,0.29283,0.31792,0.34211,0.36021,0.367,0.36158,0.34784,0.35787,0.42354,0.53538,0.6445,0.70612,0.71924,0.72035,0.72331,0.72886,0.73171,0.73316,0.72131,0.71262,0.71398
0.16927,0.17119,0.17236,0.17353,0.17523,0.17655,0.17945,0.1828,0.18552,0.18649,0.18591,0.18415,0.18177,0.17897,0.17676,0.17521,0.17324,0.17157,0.17015,0.16853,0.16636,0.16386,0.16194,0.16051,0.15933,0.15832,0.15681,0.15558,0.15181,0.15036,0.14992
0.30929,0.33943,0.35316,0.35173,0.33602,0.31091,0.28109,0.25404,0.22247,0.19463,0.17273,0.15392,0.13639,0.11899,0.10953,0.10718,0.10892,0.11587,0.13831,0.19432,0.28825,0.39278,0.46458,0.51005,0.53985,0.5633,0.58238,0.59402,0.58786,0.57188,0.55194
0.065724,0.065213,0.065187,0.066111,0.068108,0.071056,0.076924,0.084814,0.09601,0.10562,0.10891,0.10519,0.096017,0.084846,0.074701,0.066208,0.05966,0.056393,0.054296,0.052849,0.052137,0.052266,0.052625,0.052911,0.052961,0.053183,0.053044,0.052952,0.052212,0.051981,0.053288
0.39144,0.44062,0.47401,0.49724,0.50476,0.50134,0.49732,0.49367,0.48483,0.47704,0.48336,0.50342,0.52164,0.52648,0.53992,0.57414,0.62696,0.68837,0.74741,0.802,0.84864,0.86916,0.86883,0.86736,0.86955,0.87561,0.8815,0.88364,0.86855,0.86208,0.86068
0.074171,0.072109,0.072214,0.074218,0.07312,0.073073,0.074373,0.073458,0.073111,0.076345,0.086528,0.10121,0.11471,0.12417,0.1415,0.18748,0.27755,0.42738,0.57314,0.66334,0.70132,0.71157,0.71449,0.71724,0.72229,0.72698,0.72817,0.72831,0.72112,0.71501,0.70897
0.10534,0.10803,0.11099,0.11837,0.13145,0.14913,0.17762,0.21113,0.25419,0.29164,0.31285,0.31708,0.30499,0.28339,0.25736,0.22725,0.19466,0.16288,0.13415,0.11064,0.092402,0.081924,0.077094,0.074835,0.07498,0.077055,0.078087,0.080628,0.083001,0.083249,0.092205
0.43796,0.52784,0.58834,0.6311,0.64908,0.64731,0.64208,0.63854,0.62874,0.6201,0.62643,0.6468,0.66537,0.66765,0.67611,0.7018,0.74221,0.77729,0.79157,0.7908,0.79057,0.79015,0.78785,0.78767,0.7914,0.79702,0.80027,0.80261,0.78805,0.7787,0.78071
0.21331,0.23404,0.24344,0.2485,0.25165,0.25467,0.25981,0.26109,0.25658,0.25643,0.27155,0.29384,0.30303,0.29264,0.27178,0.24637,0.22251,0.20412,0.19258,0.18687,0.18361,0.18624,0.19059,0.19577,0.20903,0.22964,0.25492,0.288,0.34629,0.38494,0.44888
0.39965,0.46972,0.51842,0.55865,0.58787,0.606,0.62606,0.65262,0.68351,0.71009,0.72895,0.74039,0.74343,0.73541,0.72208,0.70494,0.68551,0.66256,0.63208,0.59021,0.53836,0.48917,0.45529,0.43437,0.4255,0.4216,0.4143,0.41295,0.40999,0.41385,0.44294
0.076158,0.078819,0.077559,0.074407,0.06873,0.063472,0.06485,0.066605,0.066901,0.063959,0.060513,0.06151,0.061985,0.059413,0.058127,0.059895,0.065912,0.06823,0.066146,0.082246,0.15085,0.2714,0.37738,0.45214,0.50701,0.55223,0.58579,0.60573,0.60906,0.60119,0.59477
0.38792,0.43758,0.46916,0.48715,0.4898,0.47884,0.45482,0.43467,0.41101,0.39032,0.3717,0.35101,0.33031,0.30987,0.29538,0.28549,0.27989,0.29612,0.35191,0.44792,0.55337,0.62325,0.64717,0.657,0.66452,0.67488,0.6853,0.69183,0.67893,0.66294,0.65143
0.3899,0.48099,0.54687,0.60174,0.63899,0.65205,0.64305,0.63144,0.60685,0.57867,0.54942,0.51333,0.47149,0.42293,0.37578,0.33047,0.29114,0.26305,0.24181,0.22662,0.21563,0.20715,0.19961,0.19535,0.19644,0.20183,0.20697,0.21251,0.20297,0.18773,0.18614
0.43733,0.53369,0.59707,0.6433,0.66931,0.67662,0.67511,0.67535,0.67024,0.66992,0.68526,0.71188,0.73675,0.74746,0.74903,0.74617,0.74481,0.75339,0.77009,0.78693,0.79834,0.80371,0.80166,0.80013,0.80655,0.8154,0.81737,0.82083,0.80646,0.79156,0.79927
0.09305,0.091669,0.093077,0.097016,0.10197,0.10763,0.11706,0.13201,0.15713,0.18131,0.19081,0.18258,0.16185,0.138,0.11734,0.10085,0.088898,0.08287,0.078046,0.07411,0.072206,0.072193,0.072914,0.073888,0.074817,0.078039,0.082937,0.088723,0.098687,0.10542,0.11683
0.071325,0.079314,0.081227,0.082337,0.08693,0.097605,0.12446,0.15963,0.22501,0.3244,0.44906,0.56778,0.63737,0.6626,0.65617,0.6267,0.58516,0.54844,0.52696,0.51658,0.50887,0.5097,0.51531,0.52344,0.54291,0.56641,0.5789,0.58434,0.56885,0.54616,0.53876
0.15596,0.16251,0.16377,0.15889,0.14833,0.1363,0.12187,0.10864,0.094672,0.08417,0.077367,0.070759,0.066197,0.063456,0.06241,0.062404,0.063353,0.065006,0.070318,0.080308,0.091841,0.096856,0.09661,0.0983,0.10909,0.13847,0.19182,0.25855,0.36586,0.41417,0.47314
0.10004,0.10592,0.10561,0.10229,0.099049,0.098374,0.10101,0.10109,0.098535,0.10228,0.12264,0.1542,0.18129,0.19746,0.20291,0.19917,0.18968,0.17916,0.17822,0.18682,0.19641,0.19962,0.19836,0.20057,0.21539,0.24524,0.28716,0.33257,0.38941,0.40534,0.42925
0.29167,0.31072,0.32767,0.34939,0.37388,0.40077,0.4434,0.49476,0.56435,0.63487,0.69746,0.74882,0.77871,0.78922,0.79007,0.78716,0.78178,0.77513,0.76836,0.76118,0.75533,0.75117,0.74741,0.74649,0.75087,0.75972,0.76492,0.76862,0.75736,0.74576,0.74654
0.26763,0.27729,0.28438,0.28879,0.28692,0.28181,0.28307,0.28254,0.27784,0.27295,0.28036,0.30064,0.31896,0.32625,0.34313,0.38054,0.43175,0.47321,0.4907,0.49135,0.49066,0.48724,0.48447,0.48363,0.48208,0.48101,0.48189,0.48048,0.47167,0.4717,0.46636
0.23373,0.24877,0.25681,0.26022,0.25982,0.25568,0.24877,0.24105,0.2267,0.20841,0.18915,0.17087,0.15727,0.14712,0.13939,0.13204,0.12484,0.11965,0.11768,0.11869,0.12074,0.1215,0.12116,0.12212,0.12774,0.13986,0.15743,0.177,0.20152,0.21052,0.22433
0.35354,0.37918,0.39673,0.4077,0.40753,0.40045,0.39598,0.39233,0.38404,0.37144,0.36197,0.3584,0.3541,0.34307,0.34726,0.37671,0.42624,0.48066,0.52549,0.56303,0.59742,0.61456,0.61713,0.61784,0.6177,0.61916,0.62208,0.62163,0.60989,0.60821,0.60485
0.053085,0.05199,0.051448,0.051407,0.05191,0.052297,0.052672,0.05291,0.052818,0.052529,0.052078,0.051269,0.050314,0.049506,0.048837,0.04833,0.047692,0.047427,0.047341,0.04727,0.047607,0.048744,0.050004,0.05081,0.051084,0.051124,0.050954,0.050732,0.049779,0.049351,0.048823
0.39857,0.45588,0.49419,0.52129,0.53197,0.53068,0.53205,0.5324,0.52606,0.52135,0.53643,0.57089,0.60349,0.61828,0.63773,0.67478,0.72565,0.76816,0.78725,0.78852,0.78835,0.78724,0.78547,0.78581,0.78897,0.79339,0.7963,0.79763,0.7846,0.77887,0.77903
0.24905,0.25971,0.26601,0.26962,0.27116,0.26995,0.26912,0.26926,0.26825,0.26676,0.26535,0.26321,0.26036,0.2566,0.25352,0.25104,0.24784,0.24506,0.24256,0.23975,0.2361,0.23216,0.22921,0.2271,0.22591,0.22501,0.22308,0.22159,0.21604,0.21323,0.21277
0.069849,0.068856,0.068123,0.067529,0.067285,0.066914,0.066779,0.066617,0.065958,0.064868,0.063389,0.061426,0.059453,0.057824,0.056859,0.056614,0.056626,0.057388,0.058302,0.058832,0.058952,0.058851,0.058837,0.058745,0.058434,0.058109,0.057795,0.057533,0.056518,0.056121,0.055439
0.36207,0.40857,0.43791,0.45705,0.46562,0.46406,0.45902,0.45538,0.44835,0.44371,0.44627,0.45285,0.45801,0.45695,0.45374,0.4497,0.44508,0.44142,0.43811,0.43405,0.42882,0.4237,0.41914,0.41611,0.41653,0.41754,0.41529,0.41415,0.40371,0.39583,0.39722
0.40975,0.48556,0.53547,0.5695,0.58427,0.5815,0.56948,0.56056,0.54724,0.53488,0.52572,0.51627,0.50429,0.4858,0.47061,0.46169,0.46081,0.47056,0.48433,0.49855,0.5101,0.51395,0.51069,0.50795,0.50959,0.51339,0.51434,0.51558,0.50307,0.49183,0.49313
0.074768,0.07637,0.077716,0.079311,0.080988,0.081816,0.081914,0.081599,0.079683,0.076104,0.070911,0.064611,0.058502,0.053056,0.048673,0.045302,0.042881,0.042122,0.041891,0.041946,0.043053,0.045782,0.048486,0.050353,0.051511,0.052317,0.052525,0.052405,0.051288,0.051411,0.052378
0.42209,0.51548,0.57845,0.62501,0.65096,0.65692,0.65373,0.65421,0.65114,0.64873,0.6507,0.65457,0.65641,0.64935,0.63974,0.62932,0.62033,0.61339,0.60548,0.59613,0.58787,0.58211,0.57653,0.57368,0.57736,0.584,0.58638,0.58961,0.57583,0.56005,0.56142
0.091004,0.10376,0.11587,0.12935,0.14115,0.14657,0.14186,0.13255,0.11472,0.095235,0.079648,0.068212,0.061773,0.057746,0.054389,0.051676,0.049927,0.049802,0.0502,0.050099,0.050368,0.051837,0.053374,0.05443,0.054775,0.055261,0.05612,0.056651,0.054585,0.053511,0.053383
0.33734,0.36911,0.38821,0.39994,0.40553,0.40462,0.39701,0.39018,0.38028,0.37539,0.37979,0.38865,0.39674,0.40074,0.39905,0.39162,0.38206,0.39088,0.4294,0.48668,0.53549,0.55681,0.55547,0.55103,0.5515,0.55475,0.55494,0.55506,0.54399,0.53587,0.53861
0.14065,0.14242,0.14293,0.14198,0.13964,0.13599,0.13062,0.12529,0.1186,0.11342,0.1114,0.11034,0.10712,0.10137,0.09723,0.095944,0.09615,0.10218,0.12207,0.16048,0.21002,0.25288,0.27613,0.28849,0.29379,0.29605,0.29727,0.29743,0.29335,0.29118,0.28865
0.46085,0.60181,0.69919,0.77326,0.81464,0.8252,0.81976,0.81936,0.81438,0.8109,0.81512,0.82491,0.83397,0.83007,0.82421,0.82151,0.82597,0.8341,0.83656,0.83247,0.8295,0.82985,0.82748,0.82687,0.83341,0.84266,0.84514,0.84888,0.8312,0.8138,0.82315
0.065412,0.06409,0.063531,0.063386,0.06371,0.063885,0.062957,0.062122,0.061416,0.061762,0.063182,0.064553,0.065421,0.06615,0.06679,0.067511,0.06825,0.073299,0.085403,0.1017,0.11433,0.1171,0.11378,0.11032,0.10766,0.10577,0.10409,0.10226,0.098248,0.096745,0.095324
0.24735,0.26088,0.26734,0.27003,0.26955,0.26802,0.27239,0.27169,0.26312,0.26073,0.28858,0.34605,0.40804,0.4563,0.49722,0.53854,0.57709,0.6007,0.61115,0.61204,0.60993,0.60658,0.60402,0.60307,0.60513,0.60709,0.60689,0.60613,0.59625,0.59205,0.58915
0.11842,0.1227,0.12552,0.12754,0.12874,0.12821,0.1265,0.12431,0.11961,0.11315,0.10551,0.096876,0.088555,0.080901,0.075165,0.071262,0.068593,0.067553,0.067014,0.066783,0.066738,0.066462,0.066156,0.065919,0.065717,0.065842,0.066152,0.066392,0.065039,0.064375,0.06399
0.4419,0.557,0.63484,0.69027,0.7153,0.71438,0.70012,0.69033,0.6745,0.65812,0.64632,0.63751,0.62728,0.6067,0.59359,0.59517,0.61369,0.64607,0.67991,0.71282,0.74398,0.7618,0.76346,0.76342,0.76767,0.77453,0.77779,0.78077,0.76488,0.75198,0.75756
0.29834,0.32589,0.34342,0.35476,0.35953,0.3571,0.35064,0.34429,0.33214,0.31678,0.30025,0.28289,0.26691,0.25165,0.24006,0.23108,0.22381,0.21959,0.21874,0.22124,0.22362,0.22067,0.21534,0.21251,0.21459,0.22184,0.23135,0.23961,0.23948,0.23288,0.22827
0.32459,0.35296,0.37037,0.38133,0.38415,0.38182,0.38454,0.38399,0.37643,0.37301,0.39411,0.43831,0.48213,0.5098,0.53648,0.57237,0.61357,0.64306,0.6552,0.65551,0.6547,0.65283,0.65101,0.65084,0.6531,0.65593,0.65751,0.658,0.64805,0.64442,0.64315
0.15771,0.18252,0.20298,0.22262,0.23763,0.24283,0.235,0.22259,0.19964,0.17374,0.15009,0.12876,0.11237,0.098753,0.087677,0.078819,0.072451,0.069283,0.067188,0.065457,0.064678,0.064732,0.064699,0.064677,0.064496,0.065113,0.066558,0.067927,0.065577,0.063626,0.064003
0.43362,0.53427,0.60085,0.64542,0.66199,0.65429,0.62891,0.60672,0.57572,0.54464,0.51674,0.48925,0.46251,0.43189,0.40973,0.39809,0.39997,0.42201,0.4639,0.52324,0.58421,0.61852,0.6244,0.62778,0.64084,0.66642,0.69733,0.72553,0.73626,0.72516,0.7274
0.39259,0.45449,0.49844,0.5356,0.56222,0.57789,0.59316,0.61254,0.63225,0.64685,0.65734,0.666,0.67147,0.66886,0.66418,0.66058,0.65919,0.65991,0.65866,0.65272,0.64379,0.63425,0.62518,0.61951,0.61926,0.62174,0.62061,0.62156,0.6124,0.60727,0.61957
