0.34173,0.34288,0.34459,0.34769,0.35177,0.35656,0.36741,0.38062,0.39501,0.40209,0.39713,0.38008,0.3546,0.32672,0.3052,0.28891,0.27383,0.25432,0.23703,0.23192,0.23776,0.23579,0.22915,0.22938,0.24292,0.2813,0.34446,0.40874,0.47769,0.48536,0.48744
0.39229,0.38556,0.37744,0.36512,0.35052,0.33543,0.32121,0.30804,0.29198,0.27593,0.26025,0.24462,0.23319,0.22807,0.23068,0.24096,0.25771,0.28776,0.3267,0.36571,0.3954,0.40604,0.40592,0.40668,0.41383,0.43091,0.45554,0.47806,0.4966,0.49705,0.49289
0.077165,0.072213,0.067429,0.061979,0.055905,0.051205,0.045686,0.042148,0.040186,0.039009,0.036728,0.035034,0.035187,0.03628,0.036768,0.036991,0.037575,0.04378,0.061517,0.091796,0.12948,0.1715,0.20053,0.21607,0.22164,0.21741,0.20428,0.19692,0.21739,0.26371,0.33529
0.29908,0.29842,0.30265,0.31369,0.32921,0.34581,0.36839,0.39301,0.42128,0.44302,0.45475,0.4588,0.45614,0.44957,0.44418,0.44122,0.43804,0.43218,0.42662,0.42438,0.42523,0.42214,0.41724,0.41598,0.42029,0.43419,0.45405,0.47179,0.48248,0.48109,0.48118
0.12893,0.12819,0.1292,0.13356,0.14002,0.14822,0.1593,0.17329,0.19121,0.20392,0.20443,0.19684,0.18714,0.17808,0.16882,0.16007,0.15435,0.15434,0.15278,0.14232,0.12401,0.11303,0.11049,0.10931,0.10923,0.10641,0.096511,0.091555,0.11097,0.15359,0.22326
0.40147,0.40692,0.41455,0.42601,0.43862,0.44757,0.4541,0.45917,0.4596,0.45497,0.44813,0.44163,0.43849,0.43746,0.4396,0.4471,0.45829,0.47492,0.49084,0.49966,0.5015,0.49856,0.495,0.49235,0.49013,0.4894,0.48863,0.48847,0.48433,0.48675,0.49324
0.072288,0.073037,0.075677,0.0843,0.098537,0.11675,0.14018,0.16686,0.2013,0.23253,0.2515,0.25805,0.2524,0.23902,0.21824,0.19151,0.16436,0.14522,0.13203,0.11771,0.099003,0.08922,0.08712,0.086223,0.087506,0.086687,0.078244,0.075031,0.093483,0.13018,0.19644
0.18843,0.17807,0.17048,0.16347,0.15743,0.15311,0.14782,0.14373,0.13941,0.13402,0.12616,0.11696,0.11098,0.11004,0.11351,0.12239,0.13773,0.17432,0.23534,0.31203,0.38604,0.43469,0.4542,0.46356,0.46987,0.47849,0.48967,0.4994,0.50438,0.50256,0.49875
0.4037,0.41072,0.42004,0.43445,0.45135,0.46515,0.47815,0.48982,0.49786,0.50026,0.49974,0.49853,0.49749,0.49553,0.49446,0.49587,0.49757,0.5001,0.50263,0.50306,0.5013,0.49694,0.4926,0.49005,0.48939,0.4921,0.49565,0.49895,0.49576,0.49554,0.49967
0.044395,0.04387,0.044144,0.046756,0.050852,0.057176,0.066131,0.076947,0.091854,0.107,0.12074,0.13601,0.15224,0.16713,0.17632,0.18099,0.18435,0.18847,0.18932,0.17888,0.15813,0.14513,0.14178,0.14017,0.1407,0.13749,0.1254,0.11869,0.13789,0.18239,0.25594
0.14672,0.13423,0.12088,0.1036,0.085527,0.071895,0.062283,0.054519,0.048271,0.044633,0.042775,0.039658,0.037469,0.037191,0.038204,0.040122,0.042055,0.044273,0.049212,0.057024,0.064763,0.066235,0.064141,0.063864,0.07102,0.095515,0.14537,0.21132,0.32339,0.37486,0.43397
0.057418,0.05593,0.056383,0.05765,0.058396,0.060908,0.069765,0.086551,0.12737,0.19093,0.26335,0.32204,0.34645,0.34563,0.33364,0.31578,0.29402,0.26899,0.24914,0.24002,0.23692,0.23252,0.22831,0.22853,0.23836,0.26204,0.29694,0.33553,0.39052,0.41251,0.4462
0.17824,0.16883,0.16224,0.15641,0.15144,0.14802,0.14375,0.1409,0.13831,0.13443,0.12729,0.11802,0.11146,0.10983,0.11274,0.12094,0.13538,0.16994,0.22798,0.30109,0.37091,0.41457,0.43034,0.43779,0.44406,0.45463,0.46925,0.48218,0.49005,0.48776,0.48293
0.062094,0.062048,0.064852,0.072448,0.08284,0.096333,0.11284,0.12977,0.14805,0.15964,0.16206,0.15621,0.14501,0.13001,0.1152,0.10255,0.092364,0.081287,0.071885,0.06826,0.070353,0.069447,0.06516,0.063972,0.070276,0.095446,0.14636,0.2121,0.31842,0.36561,0.42425
0.093309,0.086055,0.081399,0.07785,0.075025,0.073231,0.069979,0.068337,0.067619,0.066109,0.062425,0.057713,0.054856,0.054423,0.056532,0.062046,0.06993,0.090764,0.13629,0.21222,0.30977,0.40101,0.45528,0.48504,0.49687,0.5,0.5004,0.50059,0.49737,0.49464,0.49037
0.25166,0.2417,0.2376,0.23796,0.24119,0.24764,0.26319,0.28444,0.31552,0.34337,0.35844,0.36184,0.35778,0.35254,0.35234,0.35938,0.37169,0.38864,0.4058,0.42053,0.43191,0.43346,0.43027,0.42977,0.43419,0.44776,0.46734,0.48453,0.49635,0.49555,0.49334
0.39649,0.41142,0.42101,0.42528,0.42309,0.41331,0.39532,0.3747,0.34488,0.31496,0.28934,0.26348,0.24014,0.22027,0.20751,0.19968,0.19285,0.18277,0.17444,0.1748,0.18246,0.1808,0.17451,0.17428,0.18687,0.22527,0.29396,0.36877,0.45876,0.47508,0.48442
0.1357,0.12578,0.12309,0.12457,0.12756,0.13303,0.14703,0.17233,0.22528,0.29496,0.36111,0.40897,0.43191,0.44125,0.44556,0.4507,0.45801,0.47275,0.48801,0.49625,0.49679,0.49361,0.49095,0.48909,0.4875,0.48679,0.48408,0.48252,0.48192,0.48468,0.49435
0.063745,0.061227,0.059884,0.05931,0.058429,0.059542,0.060923,0.06354,0.06763,0.069895,0.068075,0.062601,0.057921,0.054408,0.051518,0.049802,0.049453,0.048754,0.049041,0.050713,0.052648,0.05195,0.049271,0.048203,0.052777,0.071414,0.11056,0.16583,0.27002,0.33015,0.40766
0.35191,0.34611,0.34382,0.34516,0.34991,0.35698,0.37193,0.39164,0.41848,0.44195,0.45477,0.45807,0.4558,0.4523,0.45086,0.45342,0.45862,0.46947,0.48047,0.48565,0.48431,0.47944,0.47515,0.47215,0.47011,0.46931,0.46696,0.46571,0.46405,0.46997,0.48268
0.16139,0.16043,0.16301,0.17159,0.18483,0.20175,0.22622,0.26079,0.31625,0.37378,0.40886,0.41456,0.39475,0.36396,0.32739,0.287,0.24882,0.22397,0.20545,0.18405,0.15719,0.14242,0.13911,0.13756,0.13769,0.13544,0.12422,0.1199,0.14485,0.19249,0.27715
0.41039,0.40759,0.4066,0.40762,0.41079,0.41492,0.426,0.44119,0.46129,0.47825,0.4868,0.48767,0.484,0.47947,0.47793,0.48066,0.48521,0.49368,0.50279,0.50875,0.51038,0.5071,0.50305,0.50062,0.50039,0.50341,0.50667,0.50953,0.50727,0.50743,0.51081
0.49603,0.5007,0.50271,0.5023,0.50019,0.49535,0.49289,0.49178,0.48849,0.48314,0.47616,0.46667,0.45558,0.44462,0.43881,0.43748,0.43624,0.4336,0.43171,0.43298,0.43555,0.43237,0.42768,0.42641,0.43149,0.44616,0.46759,0.48744,0.50187,0.50244,0.5022
0.070281,0.067698,0.0656,0.063393,0.060475,0.059281,0.057368,0.055739,0.053952,0.051517,0.048304,0.043935,0.041751,0.041066,0.04053,0.040734,0.042079,0.043662,0.046922,0.051509,0.055743,0.056107,0.053719,0.052871,0.058133,0.0785,0.12119,0.18059,0.28914,0.34798,0.4222
0.03589,0.034334,0.034869,0.036662,0.037968,0.040553,0.04468,0.049355,0.056497,0.064864,0.075293,0.086129,0.097104,0.10762,0.11807,0.12901,0.13915,0.14353,0.14674,0.15295,0.16291,0.16325,0.15791,0.15789,0.16961,0.20574,0.27142,0.34542,0.44027,0.45936,0.47295
0.34277,0.36138,0.38122,0.40981,0.44241,0.4697,0.48789,0.50127,0.50482,0.49624,0.47679,0.45066,0.42257,0.39254,0.35987,0.32537,0.29281,0.26835,0.24932,0.2297,0.20726,0.19472,0.19075,0.18877,0.18924,0.19025,0.18737,0.19137,0.22094,0.26937,0.35239
0.039978,0.037208,0.037891,0.04206,0.047408,0.05435,0.061752,0.069196,0.077635,0.083714,0.087159,0.089208,0.091527,0.09486,0.099911,0.10848,0.12267,0.14746,0.18335,0.22555,0.2659,0.28667,0.2908,0.29557,0.30916,0.34072,0.38982,0.43853,0.48684,0.48621,0.47949
0.068723,0.065222,0.067784,0.077493,0.091036,0.10582,0.11775,0.12901,0.13949,0.14421,0.14295,0.1404,0.14142,0.14553,0.1511,0.16204,0.18238,0.22765,0.29482,0.36931,0.43471,0.4751,0.48904,0.49422,0.49536,0.49594,0.49545,0.49434,0.48652,0.48264,0.48139
0.23962,0.22978,0.22486,0.22323,0.2236,0.22673,0.23638,0.25045,0.2711,0.28807,0.29412,0.29172,0.28675,0.2839,0.2872,0.2995,0.32056,0.3545,0.39253,0.42535,0.44843,0.45622,0.45524,0.45485,0.45761,0.46645,0.47856,0.48869,0.49355,0.49282,0.49134
0.051307,0.050559,0.051036,0.05521,0.063142,0.073694,0.087441,0.10179,0.11698,0.12649,0.12768,0.1239,0.11762,0.10995,0.099937,0.087923,0.076477,0.069455,0.06482,0.058461,0.049343,0.044582,0.043646,0.04333,0.044022,0.043523,0.03899,0.036647,0.043821,0.061194,0.092559
0.338,0.31115,0.28163,0.24241,0.20165,0.16777,0.14398,0.12382,0.10533,0.0927,0.085083,0.077463,0.070241,0.06765,0.071883,0.08064,0.090996,0.10855,0.13785,0.17762,0.21653,0.23475,0.23865,0.24349,0.25911,0.29473,0.35249,0.41218,0.4813,0.48935,0.48359
0.13033,0.125,0.12185,0.11983,0.11831,0.11914,0.12323,0.12815,0.13361,0.13527,0.13178,0.12348,0.11505,0.1086,0.10634,0.10843,0.11324,0.117,0.12099,0.12834,0.13935,0.14039,0.13554,0.13571,0.14706,0.18306,0.24958,0.32508,0.42389,0.44657,0.46385
0.20832,0.19818,0.19239,0.18934,0.18811,0.18948,0.19366,0.20107,0.21245,0.22069,0.22027,0.214,0.20877,0.20777,0.21214,0.2254,0.24965,0.29678,0.35691,0.41395,0.45625,0.47735,0.48228,0.48287,0.48201,0.48101,0.47834,0.47612,0.474,0.4802,0.49114
0.27072,0.27442,0.28417,0.30371,0.3287,0.35305,0.37887,0.40234,0.42201,0.43068,0.43157,0.43072,0.42923,0.42574,0.42331,0.42389,0.42577,0.42577,0.42555,0.42664,0.42964,0.42762,0.42287,0.42202,0.42729,0.44343,0.46711,0.48837,0.50101,0.49865,0.49712
0.16622,0.1581,0.15099,0.14279,0.13421,0.12757,0.12237,0.11738,0.11122,0.10436,0.097165,0.088825,0.082296,0.079525,0.081238,0.087147,0.097165,0.115,0.14247,0.17719,0.21136,0.22646,0.22763,0.23122,0.24602,0.28307,0.34424,0.40769,0.47857,0.48492,0.48168
0.13533,0.14205,0.15607,0.18617,0.22724,0.26987,0.31126,0.34672,0.36956,0.36394,0.33141,0.28901,0.24937,0.21199,0.1764,0.14401,0.11894,0.10436,0.094042,0.082622,0.070275,0.065061,0.063676,0.063289,0.063351,0.063407,0.059605,0.058874,0.072162,0.10441,0.16203
0.076678,0.077794,0.080888,0.086223,0.091515,0.096665,0.098949,0.099075,0.095676,0.089279,0.082569,0.07539,0.071118,0.069095,0.068922,0.071439,0.076948,0.084192,0.094099,0.10691,0.12139,0.12473,0.12072,0.12088,0.13175,0.16702,0.23362,0.31118,0.41586,0.44238,0.46612
0.15086,0.14138,0.13786,0.13885,0.14211,0.14882,0.16223,0.18366,0.22149,0.26235,0.29053,0.30334,0.30538,0.3047,0.30448,0.30927,0.32244,0.35199,0.38349,0.40153,0.40373,0.40035,0.39752,0.39501,0.39279,0.38947,0.38172,0.37797,0.38861,0.41366,0.45618
0.31327,0.28442,0.2552,0.21855,0.1821,0.15182,0.12801,0.10885,0.092515,0.08201,0.074877,0.067642,0.061779,0.06071,0.065009,0.072944,0.080526,0.10223,0.15259,0.23514,0.33304,0.41648,0.46338,0.48771,0.49697,0.49822,0.49743,0.49722,0.49794,0.4995,0.49496
0.066189,0.063703,0.063259,0.064132,0.065886,0.069788,0.080284,0.099098,0.14457,0.21848,0.30945,0.39456,0.45022,0.48107,0.49321,0.49343,0.48597,0.47819,0.47221,0.46208,0.44529,0.43364,0.42951,0.42695,0.42663,0.42424,0.41535,0.41113,0.41817,0.43401,0.46879
0.17994,0.18268,0.19099,0.20838,0.2308,0.25411,0.28038,0.30415,0.32393,0.33128,0.32906,0.32292,0.31421,0.30271,0.29357,0.28782,0.28343,0.27337,0.26354,0.26166,0.26844,0.26739,0.26102,0.26148,0.27455,0.31114,0.37034,0.42916,0.48741,0.49035,0.4884
0.17225,0.16235,0.15923,0.16044,0.16435,0.17172,0.19022,0.22162,0.28391,0.36396,0.43892,0.49234,0.51629,0.52359,0.52292,0.51891,0.51224,0.50758,0.50298,0.49477,0.48306,0.47391,0.46965,0.46699,0.46495,0.46334,0.45867,0.45654,0.45939,0.46758,0.48737
0.29833,0.30597,0.31265,0.32002,0.32668,0.33163,0.33575,0.33893,0.33643,0.3243,0.30202,0.27074,0.23805,0.20703,0.18314,0.16551,0.15119,0.13507,0.12074,0.11602,0.12108,0.11984,0.11383,0.11295,0.12281,0.15804,0.22546,0.30395,0.41014,0.44081,0.47118
0.061222,0.060914,0.064518,0.0766,0.095931,0.11945,0.14843,0.17936,0.21417,0.23764,0.24097,0.22908,0.20815,0.18346,0.15642,0.12834,0.10384,0.089708,0.080794,0.070821,0.058311,0.052287,0.051059,0.050674,0.051182,0.050565,0.044684,0.041654,0.050444,0.07273,0.11546
0.34046,0.3361,0.33476,0.33715,0.34323,0.35207,0.36988,0.39375,0.42784,0.46011,0.48075,0.48926,0.48865,0.48434,0.4796,0.47624,0.4736,0.4751,0.47611,0.47125,0.46073,0.45141,0.4463,0.44292,0.44063,0.43867,0.43377,0.43179,0.43542,0.44931,0.47589
0.44095,0.41607,0.38705,0.34633,0.30258,0.26364,0.23147,0.20412,0.17828,0.16015,0.14779,0.13627,0.12752,0.12557,0.13188,0.14536,0.16383,0.20308,0.26495,0.33935,0.40542,0.44374,0.45761,0.46329,0.46811,0.47442,0.48273,0.49059,0.49817,0.50027,0.49595
0.19057,0.18119,0.17806,0.18013,0.18563,0.19522,0.21465,0.24408,0.29458,0.3501,0.39163,0.41377,0.41877,0.41665,0.41217,0.4092,0.40977,0.41902,0.42673,0.42303,0.40917,0.39801,0.39336,0.39035,0.38781,0.38421,0.37586,0.37233,0.38481,0.41157,0.45812
0.21318,0.20165,0.19391,0.18788,0.18353,0.18153,0.1803,0.18106,0.18307,0.1827,0.17692,0.16794,0.16192,0.16113,0.16574,0.17855,0.20136,0.24917,0.3169,0.38976,0.45137,0.48742,0.49949,0.50354,0.50403,0.50366,0.50215,0.50031,0.49501,0.49551,0.49695
0.12713,0.12515,0.12409,0.12448,0.12523,0.127,0.1291,0.13232,0.13575,0.13553,0.12913,0.12095,0.11567,0.11313,0.11165,0.11278,0.1194,0.13488,0.1497,0.15297,0.14341,0.13576,0.13361,0.13216,0.13187,0.12822,0.11722,0.11137,0.13238,0.17944,0.25371
0.36941,0.37567,0.38429,0.39786,0.41333,0.4254,0.43386,0.43989,0.43998,0.43365,0.42424,0.4154,0.41086,0.40855,0.40787,0.4113,0.41892,0.43342,0.44626,0.44849,0.44117,0.43328,0.42882,0.42559,0.42261,0.41946,0.41454,0.41327,0.41929,0.4376,0.46892
0.087062,0.085245,0.084738,0.085931,0.088825,0.094722,0.10718,0.13067,0.18343,0.25943,0.33649,0.39293,0.41458,0.41355,0.39593,0.36669,0.33367,0.31005,0.29205,0.26879,0.23645,0.21734,0.21284,0.21048,0.21071,0.2067,0.19169,0.18509,0.21011,0.25674,0.3413
0.17609,0.17147,0.16874,0.16823,0.16884,0.1713,0.17515,0.18054,0.18665,0.1882,0.18188,0.17273,0.16687,0.16459,0.16422,0.16829,0.18027,0.20562,0.23107,0.24168,0.23537,0.2282,0.22553,0.22334,0.22207,0.21734,0.2054,0.19966,0.22219,0.27117,0.34818
0.22471,0.23309,0.24175,0.25146,0.25921,0.26246,0.25779,0.24893,0.23113,0.20945,0.18907,0.16895,0.15318,0.14088,0.13281,0.1285,0.12597,0.12119,0.1173,0.11874,0.12579,0.12493,0.11937,0.1188,0.12893,0.16415,0.23191,0.31062,0.41646,0.44512,0.47112
0.046583,0.045187,0.045296,0.046728,0.048213,0.051323,0.05446,0.057293,0.060045,0.061259,0.061299,0.059277,0.058117,0.057957,0.058603,0.06103,0.065808,0.072112,0.080943,0.092406,0.1053,0.10849,0.10504,0.10515,0.11513,0.14789,0.21063,0.28582,0.39252,0.42378,0.45498
0.27973,0.28261,0.28756,0.29451,0.3004,0.30256,0.30018,0.29466,0.28188,0.26488,0.24835,0.23381,0.22384,0.21792,0.21837,0.2257,0.23805,0.25324,0.2701,0.288,0.30499,0.30867,0.30534,0.30662,0.31807,0.34813,0.39598,0.44206,0.48551,0.48656,0.48004
0.14315,0.1381,0.13454,0.13135,0.12831,0.12727,0.1283,0.12948,0.12973,0.12674,0.12041,0.11075,0.10241,0.096926,0.095404,0.097787,0.10295,0.10882,0.11638,0.12715,0.14022,0.14214,0.13758,0.13784,0.14959,0.1862,0.25361,0.33036,0.43107,0.45418,0.47187
0.18302,0.17246,0.16944,0.17152,0.17633,0.18441,0.20257,0.23159,0.2847,0.34688,0.3985,0.43076,0.44277,0.44564,0.44699,0.45126,0.45856,0.47293,0.48765,0.49621,0.49814,0.49543,0.49222,0.48999,0.48809,0.48764,0.48554,0.48364,0.48,0.48088,0.48727
0.062962,0.056992,0.05603,0.0575,0.058378,0.060561,0.066752,0.07892,0.10593,0.14102,0.1725,0.19206,0.19767,0.19737,0.19835,0.20399,0.21546,0.23463,0.25827,0.28307,0.30549,0.31286,0.3112,0.31333,0.32537,0.35595,0.40369,0.45057,0.49763,0.49687,0.49006
0.084989,0.082262,0.081536,0.082548,0.084866,0.089948,0.10183,0.12445,0.17628,0.25257,0.33331,0.39688,0.42758,0.43573,0.42745,0.40829,0.38475,0.36742,0.35291,0.33161,0.30135,0.28281,0.27794,0.27523,0.27475,0.27049,0.25665,0.25079,0.27312,0.31423,0.38882
0.10706,0.10098,0.098068,0.097292,0.097488,0.10034,0.10703,0.11523,0.1259,0.13307,0.13375,0.12848,0.12172,0.11668,0.11589,0.12005,0.12896,0.14196,0.15852,0.1782,0.1986,0.20438,0.20102,0.20249,0.21607,0.25389,0.31846,0.38701,0.4666,0.47634,0.47809
0.4132,0.42118,0.43009,0.44213,0.45488,0.46365,0.4703,0.47491,0.47348,0.46604,0.45612,0.44536,0.43495,0.42472,0.41814,0.41538,0.41343,0.41072,0.40972,0.41223,0.41643,0.41398,0.40878,0.40752,0.41321,0.4305,0.4566,0.48068,0.49768,0.49673,0.49506
0.12381,0.11852,0.11411,0.11008,0.10613,0.10376,0.099757,0.097118,0.094828,0.09145,0.084545,0.077103,0.073475,0.073551,0.074172,0.076564,0.084383,0.10803,0.1432,0.17638,0.19574,0.20599,0.20966,0.20977,0.20937,0.2048,0.19273,0.18646,0.20859,0.25777,0.33507
0.37971,0.40034,0.41678,0.43101,0.43921,0.43734,0.42175,0.4023,0.37173,0.33921,0.30889,0.27925,0.25359,0.23129,0.21397,0.19998,0.18758,0.17491,0.16522,0.16122,0.15974,0.1564,0.153,0.15275,0.15978,0.1789,0.2096,0.24578,0.30612,0.34757,0.40552
0.083806,0.076845,0.071028,0.064585,0.057946,0.053558,0.05026,0.0472,0.044252,0.041896,0.040521,0.037952,0.035743,0.035157,0.036648,0.040079,0.045039,0.053341,0.070689,0.099948,0.13664,0.1607,0.16961,0.17751,0.19299,0.2298,0.29392,0.36465,0.4521,0.46566,0.47086
0.39393,0.37571,0.35275,0.31851,0.27989,0.24445,0.21511,0.18931,0.16391,0.14554,0.13359,0.12275,0.11373,0.11034,0.1152,0.12643,0.14141,0.16732,0.20599,0.2529,0.29492,0.31376,0.31729,0.32112,0.33437,0.36336,0.40775,0.45124,0.49692,0.50019,0.49214
0.059511,0.053161,0.053664,0.059492,0.066724,0.075344,0.088887,0.10481,0.12755,0.15165,0.17846,0.21189,0.24995,0.28853,0.32637,0.36598,0.40391,0.43238,0.45175,0.46244,0.46947,0.4703,0.46824,0.46812,0.47085,0.47925,0.49137,0.50144,0.50541,0.50279,0.49722
0.23427,0.22975,0.22744,0.22667,0.22693,0.22934,0.23751,0.24772,0.25939,0.26474,0.26008,0.24639,0.22899,0.21235,0.202,0.19711,0.1941,0.18684,0.17955,0.17988,0.18829,0.18747,0.18131,0.18157,0.19466,0.23401,0.30284,0.37655,0.46419,0.47888,0.48613
0.047928,0.046656,0.047723,0.051004,0.054533,0.057628,0.057536,0.057135,0.055509,0.052287,0.048475,0.045281,0.043933,0.043866,0.045429,0.04952,0.055863,0.07099,0.10549,0.16623,0.24804,0.32492,0.37075,0.39802,0.41439,0.43055,0.45102,0.47038,0.48588,0.4821,0.4745
0.079947,0.077844,0.078493,0.081528,0.085539,0.091388,0.10232,0.12414,0.17157,0.2334,0.28442,0.30801,0.2993,0.27392,0.24163,0.20612,0.17301,0.152,0.13765,0.12325,0.10486,0.094759,0.092996,0.092313,0.093016,0.091878,0.083759,0.080984,0.10373,0.14306,0.21214
0.11862,0.10958,0.10511,0.10367,0.1042,0.10699,0.10954,0.11517,0.12497,0.13297,0.1336,0.12856,0.12403,0.1233,0.12614,0.13465,0.15088,0.19156,0.25866,0.34155,0.42081,0.47376,0.49494,0.50396,0.50676,0.50806,0.5082,0.50746,0.50136,0.49864,0.49699
0.35753,0.35148,0.34921,0.35071,0.35575,0.3633,0.37985,0.40207,0.43339,0.46221,0.47995,0.48685,0.48624,0.48328,0.48202,0.48435,0.48836,0.4965,0.50467,0.50843,0.50736,0.50297,0.49885,0.49605,0.49423,0.49401,0.49243,0.49122,0.48678,0.48873,0.49588
0.036322,0.03583,0.037155,0.041257,0.046384,0.053784,0.06182,0.07015,0.07916,0.084472,0.085065,0.082128,0.078368,0.073278,0.067529,0.062558,0.05899,0.05434,0.05068,0.049576,0.050344,0.049668,0.047031,0.045973,0.050244,0.068065,0.1056,0.1589,0.25926,0.31762,0.39426
0.044019,0.041107,0.04131,0.044917,0.049799,0.056118,0.059964,0.065179,0.072636,0.078872,0.081421,0.082991,0.086752,0.092324,0.097373,0.10473,0.11858,0.15286,0.20689,0.26788,0.31997,0.35452,0.36853,0.37372,0.37473,0.37171,0.36309,0.35761,0.36504,0.39048,0.43386
0.12361,0.12145,0.1218,0.12611,0.13399,0.14575,0.1654,0.19557,0.25095,0.31951,0.37956,0.4177,0.4281,0.42226,0.40355,0.3751,0.34349,0.32039,0.30175,0.27742,0.24494,0.2259,0.22103,0.21842,0.21815,0.21427,0.19999,0.19396,0.21882,0.26627,0.35163
0.51598,0.5247,0.5301,0.53332,0.5348,0.53206,0.52909,0.52654,0.52048,0.51345,0.50735,0.50053,0.4931,0.48553,0.48102,0.47931,0.47686,0.47469,0.47391,0.47417,0.47334,0.46862,0.46388,0.46153,0.46312,0.47002,0.47954,0.48861,0.49213,0.49234,0.49474
0.24731,0.27208,0.30042,0.33885,0.37773,0.40462,0.40921,0.40223,0.37354,0.33096,0.28551,0.24378,0.21111,0.1824,0.15681,0.13511,0.11857,0.10567,0.096189,0.089684,0.084606,0.082501,0.081474,0.081571,0.083789,0.090943,0.10195,0.11772,0.15727,0.20461,0.27758
0.047255,0.042727,0.04307,0.047455,0.052721,0.059312,0.067185,0.076613,0.090378,0.10443,0.11789,0.13277,0.14953,0.16723,0.18628,0.21079,0.24258,0.28708,0.3389,0.38778,0.42703,0.44755,0.4528,0.45565,0.46027,0.46997,0.48289,0.49396,0.49898,0.49544,0.49061
0.064841,0.061984,0.061923,0.064006,0.06689,0.071674,0.081556,0.097599,0.13063,0.17797,0.23212,0.28371,0.32204,0.34892,0.36492,0.37219,0.37155,0.36368,0.35451,0.34351,0.32991,0.32009,0.31575,0.31417,0.31726,0.32348,0.32849,0.33729,0.36199,0.38824,0.43271
0.055525,0.051836,0.052105,0.057168,0.064519,0.074164,0.08381,0.094611,0.10825,0.11958,0.12639,0.13241,0.14077,0.1505,0.15919,0.17126,0.19204,0.23292,0.2837,0.32629,0.35128,0.36296,0.36565,0.36526,0.36435,0.36087,0.35184,0.34689,0.35702,0.38511,0.43281
0.050813,0.051356,0.051674,0.05257,0.054355,0.058043,0.065451,0.080825,0.11833,0.17536,0.23459,0.27693,0.2893,0.28176,0.26045,0.2297,0.19718,0.17555,0.16142,0.14514,0.12152,0.108,0.10544,0.10424,0.10544,0.10288,0.090649,0.084733,0.10458,0.1429,0.21313
0.38434,0.37959,0.37722,0.37703,0.37907,0.3825,0.3925,0.40659,0.42553,0.4411,0.44776,0.44693,0.44311,0.43989,0.44022,0.44591,0.45537,0.47241,0.49064,0.50285,0.50715,0.50494,0.50125,0.49845,0.4967,0.49639,0.49482,0.49356,0.48904,0.49136,0.49795
0.21381,0.20746,0.20425,0.20307,0.20308,0.20578,0.21586,0.22917,0.24679,0.25925,0.26115,0.25345,0.24058,0.22768,0.22103,0.22036,0.2224,0.22118,0.21942,0.22335,0.23338,0.23318,0.22748,0.22828,0.24186,0.27989,0.34305,0.40758,0.4784,0.48603,0.48551
0.52851,0.53626,0.54018,0.54094,0.53951,0.53401,0.52839,0.52367,0.51595,0.50821,0.50197,0.49555,0.49004,0.48562,0.4844,0.48677,0.48976,0.49646,0.50389,0.50764,0.5059,0.5006,0.49624,0.49299,0.49112,0.49032,0.48871,0.48831,0.48492,0.48759,0.49453
0.2726,0.27511,0.28443,0.30457,0.33133,0.35794,0.38592,0.41193,0.43542,0.44882,0.45485,0.45975,0.46523,0.46902,0.47167,0.47654,0.48328,0.49277,0.50156,0.50469,0.50315,0.49908,0.49473,0.49183,0.4896,0.48916,0.48797,0.48702,0.48018,0.4807,0.48771
0.06564,0.06218,0.064157,0.072437,0.083838,0.097061,0.10992,0.12351,0.13939,0.1515,0.15812,0.16322,0.17049,0.17951,0.18901,0.20366,0.22779,0.27403,0.33458,0.39275,0.43648,0.45942,0.46501,0.46595,0.46555,0.46486,0.46191,0.45966,0.45658,0.46127,0.47332
0.27521,0.26779,0.26393,0.26264,0.26318,0.2661,0.27599,0.28928,0.30657,0.31845,0.31948,0.31214,0.30152,0.29241,0.28954,0.29331,0.3017,0.31398,0.32867,0.34482,0.35966,0.36201,0.35803,0.35854,0.36856,0.39452,0.43315,0.46894,0.5002,0.49999,0.49522
0.19051,0.18584,0.18152,0.17589,0.16928,0.16393,0.16018,0.15665,0.15146,0.14414,0.13507,0.12333,0.1133,0.10644,0.10427,0.10616,0.10978,0.11148,0.1135,0.11938,0.12895,0.12903,0.12399,0.12387,0.135,0.17087,0.23821,0.31602,0.42142,0.44925,0.47245
0.52824,0.53613,0.54029,0.54165,0.5413,0.53742,0.53504,0.53425,0.5319,0.52943,0.52763,0.52461,0.52041,0.51566,0.51341,0.51374,0.51302,0.51295,0.5135,0.5132,0.51035,0.50472,0.49998,0.4968,0.49568,0.49674,0.49763,0.49908,0.4958,0.4965,0.5009
0.04821,0.048371,0.049638,0.052899,0.056567,0.062199,0.068039,0.074339,0.080956,0.083906,0.082102,0.077216,0.072572,0.067517,0.062116,0.05745,0.054287,0.050668,0.048344,0.048002,0.048311,0.047294,0.044724,0.043605,0.047745,0.064276,0.098532,0.14833,0.24638,0.308,0.39041
0.49259,0.49368,0.491,0.48244,0.4695,0.45318,0.4369,0.42159,0.40226,0.38363,0.36747,0.35245,0.34116,0.3347,0.33652,0.34637,0.36068,0.38069,0.40245,0.42195,0.4355,0.43709,0.43417,0.43356,0.43879,0.45277,0.47339,0.49232,0.5068,0.50769,0.50477
0.10194,0.10432,0.10976,0.12191,0.13789,0.15448,0.16971,0.1824,0.19004,0.18786,0.17799,0.16854,0.16373,0.16052,0.15586,0.15164,0.15128,0.15647,0.15935,0.15123,0.13387,0.12339,0.12085,0.11963,0.11939,0.11634,0.10673,0.10239,0.12208,0.16559,0.2366
0.034845,0.032778,0.033128,0.035795,0.03893,0.042442,0.044422,0.046725,0.049011,0.049386,0.048152,0.04694,0.046869,0.047471,0.049759,0.055217,0.063795,0.081672,0.11783,0.17848,0.25937,0.33583,0.38175,0.40903,0.42504,0.43994,0.45813,0.47519,0.48826,0.4844,0.47722
0.051531,0.050484,0.051954,0.057731,0.065823,0.076577,0.090889,0.10729,0.12893,0.15004,0.16915,0.19046,0.21357,0.23524,0.2509,0.26315,0.27541,0.28931,0.29789,0.29068,0.27001,0.25583,0.2513,0.24878,0.24817,0.2438,0.23057,0.22345,0.24243,0.28763,0.36271
0.1915,0.19469,0.20317,0.22017,0.24153,0.26284,0.2851,0.30406,0.31718,0.31802,0.31052,0.30067,0.29087,0.28041,0.27309,0.26983,0.26906,0.26509,0.26165,0.26394,0.27245,0.27219,0.26644,0.26719,0.28022,0.31605,0.37379,0.43087,0.48668,0.48883,0.48556
0.18357,0.18157,0.18772,0.20429,0.22644,0.24974,0.27589,0.30186,0.32886,0.34679,0.35544,0.36162,0.36888,0.37611,0.38498,0.40053,0.42354,0.45586,0.48774,0.50948,0.5215,0.52467,0.52291,0.52138,0.51988,0.52012,0.51981,0.51875,0.51047,0.50852,0.51011
0.29506,0.30083,0.31173,0.33303,0.36105,0.38866,0.41664,0.44234,0.46471,0.47699,0.48165,0.48441,0.48686,0.48665,0.48277,0.47798,0.47334,0.47119,0.46803,0.45789,0.44244,0.43126,0.42562,0.42204,0.41939,0.41681,0.41125,0.40944,0.41408,0.43202,0.46724
0.41398,0.42032,0.42896,0.4426,0.45888,0.47219,0.48481,0.49599,0.50315,0.50454,0.50315,0.5012,0.49954,0.49705,0.4956,0.49669,0.498,0.50016,0.50256,0.50313,0.50139,0.49667,0.49188,0.48892,0.48777,0.48988,0.49289,0.49573,0.49201,0.49155,0.49508
0.15603,0.17343,0.19775,0.23696,0.28189,0.31887,0.33713,0.34055,0.31702,0.27126,0.21997,0.17665,0.14707,0.12242,0.10022,0.082332,0.070762,0.063396,0.058441,0.054304,0.050946,0.050589,0.050494,0.050853,0.051664,0.055298,0.061312,0.070819,0.097304,0.13468,0.19299
0.1174,0.11002,0.10881,0.11109,0.11462,0.12052,0.13633,0.16359,0.2208,0.29878,0.37729,0.43606,0.46073,0.46412,0.45962,0.45178,0.44009,0.42476,0.41179,0.40603,0.40545,0.40178,0.39742,0.39711,0.40366,0.42156,0.44692,0.47075,0.49133,0.48782,0.48541
0.057415,0.053404,0.051143,0.050136,0.049466,0.049377,0.048722,0.049293,0.050498,0.050256,0.048089,0.045725,0.044603,0.044188,0.045505,0.050106,0.0569,0.072061,0.10567,0.16901,0.26394,0.36754,0.43719,0.47789,0.49579,0.50136,0.50188,0.50178,0.49796,0.49429,0.48935
0.073634,0.075087,0.079483,0.090593,0.10614,0.12456,0.14663,0.16908,0.19167,0.2034,0.20104,0.19079,0.17536,0.1559,0.13618,0.11778,0.10269,0.090404,0.08124,0.075201,0.069875,0.067429,0.066162,0.066136,0.069293,0.075199,0.08021,0.089254,0.12087,0.16216,0.22835
0.18524,0.18422,0.19094,0.20831,0.23171,0.2561,0.28191,0.30625,0.32901,0.34139,0.34487,0.34698,0.35178,0.35749,0.36433,0.37687,0.39666,0.42763,0.46086,0.48546,0.49978,0.50384,0.50191,0.5003,0.49952,0.50133,0.50319,0.50429,0.49795,0.49563,0.49705
0.14314,0.14526,0.153,0.17153,0.19755,0.22629,0.2588,0.29384,0.33229,0.3544,0.34778,0.32005,0.28314,0.24475,0.20759,0.1725,0.14346,0.12606,0.11363,0.1004,0.085396,0.078137,0.076409,0.075796,0.075956,0.075679,0.070184,0.068575,0.085891,0.12225,0.18638
0.078249,0.07546,0.078743,0.089482,0.10406,0.11989,0.13401,0.14712,0.15907,0.16435,0.16331,0.16118,0.16233,0.16616,0.17182,0.18327,0.20437,0.24729,0.30701,0.36959,0.42214,0.4517,0.46006,0.46351,0.4669,0.47392,0.48289,0.49038,0.49065,0.48672,0.48419
0.12277,0.12572,0.13452,0.15505,0.18392,0.21559,0.2507,0.28705,0.32435,0.34276,0.33181,0.30105,0.26323,0.22499,0.18809,0.15343,0.12534,0.10965,0.098747,0.086228,0.07179,0.065027,0.063518,0.063039,0.062979,0.062289,0.056509,0.053963,0.066301,0.096311,0.15124
0.086942,0.079886,0.07678,0.076639,0.07799,0.081568,0.084585,0.091009,0.10267,0.11333,0.11642,0.11355,0.11054,0.11028,0.11183,0.11763,0.13093,0.16712,0.22529,0.29302,0.35342,0.39358,0.40985,0.4161,0.41715,0.41499,0.40912,0.40577,0.41126,0.42922,0.45978
0.27625,0.28289,0.29456,0.31628,0.34396,0.37128,0.40042,0.42665,0.44807,0.45663,0.4549,0.44736,0.43388,0.41488,0.39655,0.37989,0.36298,0.34084,0.32122,0.31227,0.31335,0.31061,0.30467,0.30467,0.31525,0.34477,0.39059,0.43545,0.47813,0.48288,0.48906
0.23272,0.22424,0.21819,0.21277,0.20773,0.20476,0.20605,0.2084,0.21042,0.20828,0.20111,0.19094,0.18189,0.17643,0.17798,0.18711,0.20251,0.2241,0.24985,0.27749,0.30284,0.31106,0.3091,0.31124,0.32454,0.35802,0.41085,0.46256,0.51434,0.51652,0.50982
0.082121,0.077784,0.075969,0.075434,0.074857,0.076443,0.080859,0.0871,0.096696,0.10465,0.10751,0.1041,0.098597,0.094011,0.092813,0.09573,0.10195,0.10862,0.1163,0.127,0.14045,0.14281,0.13828,0.13852,0.14991,0.18611,0.25305,0.32935,0.43002,0.45325,0.47187
0.17947,0.1904,0.20672,0.23682,0.27562,0.3126,0.3422,0.3642,0.3719,0.35879,0.32963,0.29659,0.26864,0.24321,0.21558,0.18676,0.16206,0.14794,0.13789,0.12276,0.10255,0.092364,0.090221,0.089313,0.08897,0.086921,0.079185,0.076396,0.09224,0.12984,0.19654
0.28136,0.24434,0.20898,0.16818,0.13035,0.10187,0.08513,0.072962,0.064098,0.058387,0.053983,0.049586,0.045494,0.044489,0.048266,0.055695,0.061666,0.075177,0.11076,0.1805,0.28039,0.38468,0.45434,0.49421,0.51128,0.51503,0.51409,0.5134,0.51451,0.5163,0.51067
0.047232,0.041171,0.040729,0.044504,0.049522,0.055934,0.06267,0.073484,0.094737,0.12128,0.14545,0.16374,0.17653,0.18746,0.19792,0.2131,0.23718,0.2839,0.34587,0.40748,0.45679,0.48511,0.49445,0.4979,0.49906,0.50013,0.49967,0.49867,0.49267,0.4888,0.48735
0.16904,0.16406,0.16574,0.17418,0.18681,0.20244,0.22791,0.2611,0.31268,0.36912,0.41767,0.4526,0.46965,0.47582,0.47764,0.47767,0.47442,0.46708,0.45983,0.45531,0.4533,0.449,0.44419,0.44267,0.44586,0.45672,0.47104,0.48381,0.4908,0.48791,0.48839
0.1857,0.17806,0.17471,0.1742,0.17521,0.17934,0.19181,0.20901,0.23421,0.25574,0.26504,0.26174,0.25002,0.23681,0.22935,0.22771,0.22881,0.22692,0.22463,0.22822,0.23808,0.2379,0.23227,0.23307,0.24627,0.28336,0.34451,0.4064,0.47337,0.47953,0.47785
0.32336,0.3231,0.32302,0.32308,0.32318,0.32342,0.32739,0.33217,0.3349,0.33101,0.31912,0.30012,0.27855,0.25818,0.24467,0.23653,0.22982,0.2193,0.21005,0.20976,0.21756,0.21636,0.21028,0.21065,0.22388,0.26161,0.32509,0.39072,0.46343,0.47255,0.47426
0.32329,0.3166,0.31463,0.31787,0.32585,0.33768,0.36064,0.39159,0.43772,0.48393,0.51676,0.5339,0.53715,0.53391,0.52867,0.52373,0.51832,0.51558,0.51209,0.50368,0.49102,0.48093,0.47572,0.47238,0.47004,0.46817,0.46311,0.46107,0.4652,0.47981,0.50845
0.12534,0.12732,0.12857,0.12922,0.12822,0.12741,0.12477,0.12246,0.11838,0.1112,0.10031,0.086979,0.076298,0.06782,0.061236,0.056533,0.053393,0.049661,0.047144,0.046942,0.047405,0.046305,0.043806,0.042591,0.046494,0.062785,0.097269,0.14776,0.24855,0.31336,0.39904
0.27419,0.27707,0.28673,0.30734,0.33483,0.36246,0.39266,0.42139,0.44877,0.46637,0.4765,0.48498,0.49247,0.49693,0.49948,0.50309,0.50681,0.51029,0.5127,0.51174,0.5089,0.50461,0.50023,0.49775,0.49671,0.49879,0.50109,0.50301,0.49715,0.49515,0.49856
0.10645,0.10915,0.11146,0.1139,0.11491,0.1157,0.11362,0.11143,0.10686,0.098858,0.087238,0.074183,0.064534,0.057213,0.051234,0.046712,0.04388,0.0412,0.039904,0.039921,0.039295,0.038428,0.036939,0.03602,0.038867,0.050557,0.075375,0.11483,0.20294,0.26864,0.35854
0.18297,0.17568,0.17159,0.16937,0.16816,0.16953,0.17642,0.18508,0.19553,0.20103,0.19887,0.19078,0.18119,0.17346,0.17189,0.17678,0.18604,0.19585,0.20644,0.22014,0.23614,0.23903,0.23457,0.23576,0.24925,0.28641,0.34839,0.41203,0.4821,0.48918,0.48727
0.23601,0.25383,0.27803,0.31971,0.37183,0.4195,0.45428,0.47767,0.48109,0.46095,0.42573,0.38765,0.35467,0.32272,0.28643,0.24767,0.21346,0.19267,0.17806,0.15844,0.13332,0.1206,0.1177,0.11631,0.11543,0.11271,0.10391,0.10127,0.11912,0.16105,0.23719
0.12279,0.11589,0.11341,0.11375,0.11513,0.11938,0.13003,0.14511,0.16869,0.19048,0.20177,0.2009,0.1922,0.18241,0.1772,0.17716,0.18076,0.18446,0.18914,0.19815,0.21111,0.21224,0.20679,0.20754,0.22103,0.25983,0.3256,0.39449,0.47368,0.4834,0.48562
0.053088,0.046909,0.045376,0.046794,0.04877,0.052057,0.055302,0.062232,0.077047,0.09439,0.10675,0.11171,0.1118,0.11188,0.11415,0.12116,0.13535,0.16819,0.22021,0.284,0.34626,0.38674,0.40259,0.41165,0.42096,0.43745,0.46044,0.48151,0.4978,0.49392,0.48762
0.31338,0.30759,0.30092,0.29078,0.27843,0.26619,0.25639,0.24708,0.235,0.22173,0.20839,0.19416,0.18205,0.17415,0.17383,0.17996,0.18928,0.19917,0.21072,0.22592,0.2422,0.24474,0.24061,0.24182,0.25536,0.29129,0.35067,0.41121,0.47748,0.48449,0.48112
0.044377,0.04388,0.044895,0.047551,0.050292,0.054735,0.059694,0.064723,0.070201,0.073507,0.074626,0.073297,0.072303,0.071368,0.070892,0.071944,0.074433,0.075224,0.076223,0.079557,0.085519,0.085433,0.081157,0.080296,0.088015,0.1163,0.17278,0.24368,0.35299,0.39462,0.44179
0.22873,0.22706,0.23167,0.24476,0.26349,0.28492,0.31524,0.34953,0.3931,0.43199,0.45888,0.47372,0.47496,0.46771,0.45922,0.45079,0.44014,0.4236,0.40841,0.40143,0.40213,0.39896,0.39329,0.39288,0.40138,0.4249,0.45901,0.49035,0.51436,0.51149,0.50911
0.080757,0.074909,0.074216,0.076426,0.079668,0.084489,0.09619,0.11657,0.16231,0.23095,0.3105,0.38314,0.43226,0.46328,0.4821,0.49411,0.49983,0.50218,0.50423,0.50408,0.50102,0.4971,0.49451,0.49297,0.49275,0.49364,0.49273,0.49247,0.48917,0.4851,0.48552
0.040905,0.038448,0.039945,0.045602,0.052629,0.061363,0.072076,0.08252,0.09378,0.10154,0.10636,0.11008,0.11367,0.11726,0.12304,0.13314,0.14837,0.16792,0.1911,0.2163,0.24089,0.25028,0.24902,0.25157,0.26492,0.29901,0.35424,0.41019,0.46883,0.47123,0.46642
0.45517,0.45374,0.4522,0.45018,0.44839,0.44598,0.44783,0.45224,0.45742,0.4602,0.45876,0.45388,0.44882,0.44536,0.44647,0.45342,0.46349,0.4791,0.49469,0.50451,0.50718,0.50403,0.50021,0.49732,0.49546,0.49482,0.49333,0.49233,0.48832,0.49129,0.4975
0.12425,0.12839,0.139,0.16332,0.1974,0.23409,0.27262,0.30884,0.33885,0.3442,0.32076,0.2828,0.2437,0.20628,0.17097,0.13871,0.1135,0.099435,0.089546,0.078224,0.065666,0.060203,0.058917,0.058591,0.058653,0.058478,0.054055,0.05254,0.064457,0.09393,0.1473
0.17145,0.17041,0.16931,0.16738,0.16341,0.15795,0.14645,0.1349,0.12134,0.10941,0.098626,0.089705,0.086011,0.086597,0.088321,0.093008,0.10438,0.13252,0.17008,0.20185,0.21757,0.22487,0.2276,0.22719,0.2261,0.22071,0.20849,0.20301,0.22803,0.27974,0.3598
0.093094,0.083271,0.080702,0.083064,0.087116,0.093715,0.10434,0.12187,0.15471,0.19188,0.2194,0.23308,0.236,0.23654,0.23948,0.24969,0.27051,0.31329,0.36886,0.42313,0.466,0.48763,0.49277,0.49533,0.49953,0.50943,0.52225,0.53311,0.53829,0.53442,0.53091
0.371,0.35146,0.32656,0.28978,0.24865,0.21194,0.18279,0.15783,0.13429,0.11798,0.10758,0.098051,0.089991,0.086723,0.090251,0.098337,0.10834,0.12469,0.14942,0.17946,0.20444,0.21323,0.21353,0.21547,0.2272,0.25375,0.29561,0.34152,0.40748,0.4345,0.46066
0.18208,0.17144,0.1652,0.16151,0.15967,0.16026,0.16216,0.16676,0.17451,0.17979,0.17782,0.17091,0.16559,0.16486,0.16909,0.18126,0.20347,0.24959,0.31337,0.37992,0.43445,0.46516,0.47459,0.47735,0.47731,0.47675,0.4749,0.47301,0.46917,0.47179,0.47707
0.10591,0.098142,0.095985,0.097836,0.10086,0.10659,0.11822,0.13838,0.17769,0.22461,0.26241,0.28506,0.29318,0.29485,0.29445,0.29712,0.30663,0.32834,0.34809,0.35236,0.34174,0.33208,0.32848,0.32602,0.32387,0.31916,0.30802,0.30238,0.31954,0.3569,0.41861
0.044866,0.038671,0.039087,0.043958,0.049557,0.05596,0.066455,0.080599,0.10567,0.13834,0.17763,0.22246,0.26746,0.3098,0.3485,0.38664,0.42142,0.44725,0.46496,0.47399,0.47863,0.47873,0.4771,0.47651,0.47705,0.48028,0.48456,0.48774,0.48594,0.48316,0.47911
0.34635,0.34635,0.34549,0.34377,0.34085,0.33666,0.33121,0.32637,0.31877,0.30839,0.29445,0.27978,0.2705,0.26641,0.26601,0.27124,0.28377,0.309,0.33311,0.34153,0.33324,0.32408,0.3204,0.31744,0.31515,0.31009,0.29982,0.29617,0.31697,0.35943,0.42509
0.17411,0.15619,0.13836,0.11699,0.095893,0.079383,0.067021,0.058165,0.052006,0.048427,0.045134,0.041993,0.040169,0.040307,0.042017,0.045108,0.047812,0.05781,0.084862,0.13469,0.20252,0.27569,0.32537,0.35274,0.36282,0.36008,0.34992,0.34505,0.36153,0.39411,0.44038
0.11139,0.10354,0.10165,0.10287,0.10532,0.10996,0.12372,0.1488,0.20513,0.2872,0.37675,0.45146,0.49341,0.51284,0.52043,0.52228,0.51903,0.51417,0.51068,0.50801,0.50465,0.50039,0.49744,0.49616,0.49718,0.50137,0.5053,0.50942,0.5106,0.5066,0.50723
0.52584,0.53195,0.53535,0.53716,0.53839,0.53697,0.53823,0.54131,0.54367,0.54509,0.54565,0.54377,0.5395,0.53395,0.5305,0.52921,0.52647,0.52396,0.52255,0.52133,0.51843,0.51288,0.50809,0.5051,0.50466,0.50723,0.51007,0.51316,0.5111,0.51166,0.51607
0.17284,0.16887,0.16564,0.16194,0.15774,0.15525,0.15532,0.15609,0.15623,0.15304,0.14584,0.13435,0.12348,0.11509,0.11133,0.11182,0.11427,0.11443,0.11464,0.11911,0.12811,0.12795,0.12256,0.12216,0.13295,0.16879,0.23665,0.31551,0.42301,0.45191,0.47698
0.086653,0.086361,0.08634,0.086727,0.086387,0.087348,0.087885,0.089464,0.091118,0.089558,0.082883,0.073033,0.064885,0.058296,0.052813,0.048712,0.046186,0.043506,0.041992,0.041915,0.041576,0.040664,0.038903,0.037952,0.041181,0.05432,0.081992,0.1247,0.21665,0.28175,0.36993
0.32189,0.31506,0.31193,0.312,0.31468,0.31981,0.33328,0.35102,0.37453,0.39298,0.39962,0.3962,0.38678,0.37671,0.37169,0.37234,0.37589,0.38118,0.38766,0.39574,0.40377,0.40318,0.39878,0.3983,0.40512,0.42411,0.4518,0.47696,0.49677,0.49646,0.49425
0.13585,0.13026,0.12704,0.12509,0.12375,0.12492,0.12984,0.13582,0.14277,0.14573,0.14294,0.13468,0.12567,0.11832,0.11538,0.11705,0.12142,0.12412,0.12668,0.13294,0.14356,0.14435,0.13928,0.13938,0.15084,0.18754,0.25558,0.33283,0.43391,0.45709,0.47464
0.09904,0.099505,0.10163,0.10712,0.11462,0.12279,0.13146,0.1407,0.14967,0.15257,0.14648,0.1361,0.12655,0.11869,0.11116,0.10427,0.099889,0.099729,0.098698,0.091489,0.078798,0.071405,0.069846,0.069173,0.069168,0.067078,0.059707,0.055553,0.06841,0.099492,0.15034
0.412,0.41253,0.41344,0.41582,0.41974,0.42349,0.43074,0.44052,0.4518,0.45938,0.45973,0.45433,0.44773,0.44201,0.4381,0.43726,0.43889,0.44714,0.45507,0.45473,0.44572,0.43661,0.43168,0.42815,0.42561,0.42283,0.41727,0.41554,0.42236,0.44122,0.47368
0.36071,0.35591,0.35424,0.35591,0.36061,0.36731,0.38148,0.40054,0.42669,0.44953,0.46155,0.4639,0.46112,0.4576,0.45622,0.45886,0.46437,0.4763,0.4885,0.49417,0.49259,0.48759,0.48339,0.48042,0.47842,0.47748,0.47469,0.47325,0.47223,0.47942,0.49437
0.056993,0.055582,0.055275,0.05593,0.056199,0.058243,0.060214,0.063374,0.067916,0.070332,0.068373,0.062797,0.05814,0.054596,0.051521,0.049501,0.048892,0.04798,0.048162,0.049754,0.051519,0.050863,0.048245,0.04716,0.051614,0.069723,0.10764,0.16168,0.26506,0.32642,0.40644
0.1426,0.13266,0.13009,0.13192,0.13548,0.14161,0.15651,0.18266,0.23568,0.30355,0.36595,0.4096,0.42936,0.43665,0.43989,0.44446,0.45128,0.46497,0.47911,0.48692,0.48776,0.4848,0.48205,0.4801,0.47839,0.47766,0.475,0.47318,0.47172,0.47423,0.48336
0.40729,0.42268,0.4325,0.43684,0.43465,0.42473,0.40672,0.38616,0.35632,0.32617,0.29994,0.27309,0.24841,0.22707,0.21305,0.20407,0.19601,0.18446,0.17461,0.17388,0.18104,0.17936,0.17324,0.17311,0.18559,0.22347,0.29104,0.36431,0.45154,0.46659,0.47444
0.3454,0.33917,0.33671,0.33763,0.34147,0.34767,0.36273,0.38337,0.41255,0.43857,0.45282,0.45586,0.4514,0.4452,0.44233,0.44395,0.44755,0.45392,0.46111,0.4673,0.47125,0.46915,0.46504,0.46334,0.46543,0.47389,0.48527,0.49527,0.49986,0.49943,0.50062
0.11078,0.10423,0.10052,0.098217,0.096719,0.095903,0.092191,0.089792,0.087703,0.084667,0.079318,0.072865,0.069134,0.068897,0.071411,0.077534,0.087113,0.11389,0.16851,0.2512,0.34689,0.42686,0.46943,0.49131,0.49924,0.50102,0.50099,0.50079,0.49677,0.49443,0.49146
0.058539,0.058719,0.061656,0.0693,0.079534,0.092867,0.10897,0.1255,0.14335,0.1546,0.15683,0.15105,0.14023,0.12562,0.11111,0.098831,0.089223,0.078767,0.06976,0.066048,0.067622,0.066626,0.062466,0.061153,0.067002,0.091277,0.14122,0.20718,0.31767,0.37026,0.43671
0.044716,0.042133,0.042585,0.045916,0.050032,0.055586,0.061549,0.06785,0.075425,0.081198,0.084653,0.086704,0.088889,0.092064,0.097115,0.10573,0.11977,0.14448,0.18095,0.22471,0.26698,0.2894,0.29438,0.29932,0.3123,0.34211,0.38837,0.43408,0.47891,0.47788,0.47092
0.33076,0.35265,0.37659,0.41211,0.45367,0.48905,0.51206,0.5279,0.53092,0.52032,0.49951,0.47361,0.44798,0.42104,0.38789,0.34971,0.31308,0.28848,0.2696,0.24473,0.21294,0.1958,0.19167,0.18937,0.18817,0.18424,0.17269,0.16953,0.19337,0.24317,0.33235
0.041354,0.039016,0.038503,0.039744,0.040768,0.043121,0.045012,0.050177,0.06162,0.074832,0.08301,0.086692,0.088067,0.089022,0.088728,0.089871,0.09739,0.11977,0.14923,0.17186,0.17968,0.18229,0.1832,0.18268,0.18292,0.17917,0.16628,0.15788,0.17604,0.22336,0.30067
0.086629,0.082215,0.077278,0.070794,0.063595,0.057412,0.051405,0.046717,0.04299,0.040752,0.038541,0.036663,0.035831,0.036185,0.036629,0.037083,0.038492,0.044365,0.054277,0.06365,0.067327,0.069282,0.070627,0.070719,0.070985,0.068531,0.061048,0.056423,0.069077,0.099188,0.14565
0.49063,0.49593,0.49857,0.49894,0.49768,0.49363,0.4919,0.49161,0.48944,0.48528,0.47932,0.47065,0.46004,0.44928,0.44328,0.44129,0.43905,0.43524,0.43254,0.43345,0.43579,0.43238,0.42746,0.42608,0.4312,0.44595,0.46719,0.4867,0.50043,0.50073,0.50066
0.42459,0.42246,0.42166,0.42248,0.42524,0.42852,0.43788,0.45062,0.46672,0.47969,0.48565,0.48532,0.48142,0.47694,0.47534,0.47764,0.48125,0.48822,0.49591,0.50084,0.50165,0.49797,0.49383,0.49129,0.49081,0.49327,0.49576,0.49795,0.49516,0.4956,0.49927
0.16088,0.15969,0.16235,0.17182,0.1869,0.20604,0.23285,0.26929,0.3259,0.38349,0.41814,0.42374,0.40451,0.37456,0.338,0.29668,0.25712,0.23147,0.21262,0.19037,0.16193,0.14611,0.14238,0.14055,0.14045,0.1376,0.12514,0.11965,0.14281,0.18957,0.27385
0.24392,0.24836,0.25806,0.27828,0.3053,0.33295,0.36151,0.38807,0.41171,0.42422,0.42722,0.42807,0.43011,0.43077,0.42783,0.42449,0.42332,0.42757,0.42996,0.42115,0.40354,0.39125,0.38602,0.38269,0.38014,0.37654,0.36863,0.36612,0.37722,0.40503,0.45517
0.21184,0.20101,0.19469,0.19097,0.189,0.18967,0.19405,0.20157,0.21301,0.22125,0.22103,0.21496,0.20942,0.20793,0.21258,0.22647,0.25084,0.2952,0.35062,0.40363,0.44433,0.46393,0.46798,0.46926,0.47133,0.47697,0.4843,0.49015,0.49104,0.48999,0.48826
0.10052,0.10271,0.10757,0.11812,0.1315,0.14496,0.15565,0.16372,0.16644,0.16085,0.14927,0.13904,0.13447,0.13243,0.12948,0.12769,0.13095,0.14239,0.15285,0.15145,0.13832,0.12949,0.12721,0.12589,0.12557,0.12222,0.11211,0.10742,0.12801,0.17333,0.24655
0.33466,0.30755,0.27792,0.23885,0.19846,0.16515,0.14225,0.12295,0.10528,0.093159,0.085845,0.078671,0.071815,0.069353,0.073676,0.082714,0.093679,0.11215,0.14227,0.18252,0.22171,0.24044,0.24483,0.24998,0.26564,0.30064,0.35679,0.41448,0.48084,0.48858,0.48296
0.045013,0.04531,0.046563,0.051338,0.059528,0.070074,0.083574,0.097683,0.11276,0.12259,0.12474,0.12238,0.11747,0.11084,0.10164,0.090361,0.079628,0.073011,0.068421,0.061801,0.052323,0.04739,0.046411,0.046038,0.046614,0.045783,0.040684,0.037906,0.045032,0.063014,0.095521
0.24181,0.23181,0.22679,0.22513,0.22555,0.22874,0.23858,0.2527,0.27319,0.28991,0.29588,0.2937,0.28913,0.28666,0.29032,0.30306,0.32456,0.35849,0.39566,0.42686,0.44844,0.45567,0.45485,0.45464,0.45735,0.46585,0.47748,0.48721,0.49177,0.4911,0.4896
0.07157,0.067993,0.070337,0.07949,0.092154,0.10602,0.11716,0.12791,0.13829,0.14339,0.14272,0.14076,0.14224,0.1468,0.15299,0.16482,0.18624,0.23271,0.30114,0.3769,0.44345,0.48454,0.49879,0.50418,0.50559,0.50647,0.50622,0.50517,0.49735,0.49368,0.49268
0.10425,0.10155,0.10345,0.11103,0.12235,0.13665,0.15732,0.18841,0.24203,0.30019,0.33684,0.34272,0.32112,0.28813,0.25101,0.21208,0.1769,0.15555,0.14069,0.12449,0.10424,0.093376,0.091294,0.090436,0.090488,0.088717,0.079611,0.075649,0.095818,0.13469,0.20404
0.41679,0.42284,0.43076,0.44234,0.45505,0.46399,0.47068,0.4759,0.47635,0.47184,0.46549,0.45964,0.45673,0.45541,0.45711,0.46398,0.47416,0.4893,0.50416,0.5129,0.51512,0.51217,0.50827,0.50536,0.50307,0.50243,0.50175,0.50152,0.4966,0.49842,0.50428
0.15522,0.15107,0.149,0.14828,0.14821,0.15067,0.15736,0.16619,0.17741,0.18382,0.18121,0.16962,0.15507,0.14136,0.13213,0.12714,0.12406,0.11788,0.11167,0.11129,0.1175,0.11647,0.11082,0.11017,0.12021,0.15506,0.22152,0.29959,0.40877,0.44158,0.47366
0.32023,0.32009,0.32422,0.33498,0.35063,0.36781,0.39206,0.41943,0.45266,0.48066,0.49805,0.50566,0.50371,0.49594,0.48745,0.47932,0.46943,0.45683,0.44535,0.43771,0.4333,0.4277,0.42239,0.42064,0.42413,0.43578,0.45154,0.46649,0.47788,0.48119,0.49036
0.087567,0.084074,0.080902,0.077231,0.0726,0.068406,0.060998,0.054968,0.049676,0.045862,0.04185,0.038726,0.038157,0.039396,0.040055,0.040479,0.042339,0.053584,0.078626,0.11317,0.14663,0.17621,0.19355,0.20156,0.20386,0.19915,0.18659,0.17976,0.20114,0.24908,0.32366
0.38695,0.38145,0.37448,0.36355,0.35038,0.33661,0.32374,0.31195,0.29736,0.28231,0.26709,0.25164,0.24024,0.23486,0.23707,0.24689,0.26318,0.29248,0.33037,0.36821,0.39687,0.40671,0.40603,0.40641,0.41324,0.43007,0.45456,0.47715,0.49587,0.49637,0.49262
0.33768,0.33845,0.33983,0.34256,0.34628,0.35082,0.36134,0.37414,0.38786,0.39392,0.38759,0.36902,0.3426,0.31437,0.29278,0.27659,0.26179,0.24268,0.2256,0.22045,0.2263,0.22434,0.21768,0.21793,0.23156,0.27072,0.33602,0.40327,0.47713,0.48633,0.48966
0.4028,0.40247,0.40299,0.40542,0.40977,0.41438,0.42316,0.43469,0.44838,0.45816,0.46011,0.4558,0.44982,0.44447,0.44085,0.44035,0.44233,0.45074,0.45856,0.45804,0.44917,0.44032,0.43554,0.43215,0.42965,0.4271,0.42214,0.42101,0.42798,0.44575,0.47643
0.092587,0.092529,0.09425,0.099458,0.10677,0.11511,0.12439,0.13441,0.14458,0.14873,0.14381,0.13462,0.12613,0.11909,0.11217,0.10588,0.10219,0.10277,0.10233,0.095281,0.082357,0.074786,0.073188,0.07251,0.072601,0.070536,0.06297,0.058821,0.072777,0.1056,0.15916
0.093051,0.090531,0.091658,0.096621,0.10379,0.11379,0.13107,0.15677,0.20418,0.26538,0.32676,0.37718,0.40703,0.42217,0.42588,0.42131,0.41075,0.39757,0.38473,0.3696,0.35116,0.33883,0.33389,0.33172,0.33351,0.33712,0.33744,0.34268,0.36668,0.39718,0.45127
0.16144,0.1563,0.14901,0.13711,0.12242,0.10933,0.096559,0.085061,0.073677,0.065366,0.059765,0.053274,0.048836,0.047063,0.047095,0.048364,0.049971,0.051616,0.0554,0.061632,0.067828,0.067817,0.064604,0.063707,0.070738,0.096123,0.14815,0.21695,0.33334,0.38685,0.44918
0.041363,0.040362,0.040566,0.043559,0.048258,0.055369,0.065176,0.076806,0.092626,0.10843,0.12253,0.1382,0.15488,0.17019,0.17976,0.18508,0.18964,0.1956,0.19809,0.18826,0.16711,0.15362,0.15006,0.14832,0.1488,0.14533,0.13249,0.12518,0.14499,0.1918,0.26907
0.4061,0.41269,0.42156,0.43539,0.45166,0.46482,0.47708,0.48786,0.49463,0.49576,0.49429,0.49245,0.49109,0.48898,0.48802,0.48986,0.49219,0.49547,0.49866,0.49954,0.49795,0.49349,0.48898,0.48618,0.48504,0.48691,0.4895,0.49192,0.48796,0.48783,0.49178
0.19679,0.18865,0.18472,0.18341,0.18328,0.18577,0.19501,0.20785,0.22606,0.24021,0.24436,0.24016,0.23206,0.22497,0.22435,0.23115,0.24351,0.25909,0.27615,0.29469,0.31271,0.31675,0.31305,0.31412,0.32559,0.35579,0.40282,0.44787,0.49123,0.49229,0.48647
0.14457,0.14482,0.14366,0.1401,0.13395,0.12764,0.11909,0.11104,0.10166,0.09245,0.083094,0.072466,0.064659,0.059553,0.056271,0.054328,0.052937,0.050497,0.049246,0.050242,0.051729,0.050466,0.047666,0.046484,0.051086,0.069562,0.10851,0.16328,0.26606,0.32527,0.40047
0.19777,0.19005,0.18583,0.1837,0.18263,0.18405,0.19136,0.20094,0.21313,0.2204,0.21921,0.21158,0.20207,0.19448,0.1934,0.19917,0.20974,0.22184,0.23494,0.25044,0.26708,0.27035,0.26634,0.26779,0.28108,0.31613,0.37232,0.42796,0.48552,0.48935,0.48486
0.050776,0.048737,0.048168,0.048836,0.04918,0.051502,0.053922,0.057769,0.063634,0.067586,0.066892,0.062279,0.058033,0.054447,0.051201,0.049076,0.048464,0.047233,0.04684,0.047786,0.048872,0.04809,0.045657,0.044666,0.049104,0.066849,0.10388,0.15746,0.2631,0.32898,0.41584
0.39606,0.39296,0.3918,0.39265,0.39545,0.3994,0.41053,0.42573,0.44561,0.46157,0.46817,0.46645,0.45975,0.45229,0.4487,0.44968,0.45245,0.45774,0.46428,0.47055,0.47474,0.47241,0.46799,0.46635,0.46951,0.48002,0.49425,0.50688,0.51368,0.51352,0.51475
0.11717,0.11247,0.11012,0.10917,0.10876,0.11106,0.11714,0.12558,0.1375,0.14601,0.14638,0.13803,0.12689,0.11672,0.11015,0.10725,0.10652,0.10421,0.10218,0.10438,0.11139,0.11082,0.10553,0.10489,0.11454,0.14839,0.21361,0.29127,0.40187,0.43595,0.46997
0.086593,0.083586,0.081817,0.080808,0.079753,0.08083,0.082776,0.085759,0.089562,0.09059,0.086872,0.078873,0.07175,0.066298,0.062386,0.06032,0.059723,0.058342,0.057721,0.059259,0.062397,0.06163,0.058146,0.057021,0.06268,0.085411,0.13258,0.19572,0.30486,0.3589,0.42524
0.42248,0.42998,0.43912,0.45268,0.46839,0.48073,0.49155,0.50094,0.5061,0.50596,0.50342,0.50056,0.49886,0.49693,0.49572,0.49695,0.49892,0.50328,0.50715,0.50631,0.501,0.49458,0.48992,0.48667,0.4842,0.48298,0.48099,0.48054,0.47824,0.48389,0.49719
0.33716,0.33874,0.33988,0.3414,0.34244,0.34224,0.34106,0.34044,0.33731,0.33009,0.31768,0.30367,0.29427,0.28922,0.28703,0.28968,0.29902,0.31956,0.33773,0.33986,0.32636,0.31487,0.3108,0.30784,0.3056,0.30039,0.28944,0.2855,0.3076,0.35287,0.42392
0.07428,0.073378,0.072981,0.073167,0.072756,0.073991,0.075191,0.077748,0.08116,0.081608,0.076688,0.068352,0.061361,0.055679,0.050775,0.047015,0.044797,0.042498,0.0414,0.041491,0.040928,0.039874,0.0381,0.037144,0.040443,0.053475,0.080609,0.12292,0.21563,0.28262,0.37389
0.548,0.55667,0.56167,0.56433,0.56565,0.56337,0.56271,0.56368,0.56333,0.56273,0.56242,0.56028,0.55614,0.55078,0.54731,0.54569,0.54229,0.53905,0.53679,0.53449,0.53048,0.52453,0.51983,0.51687,0.51632,0.51844,0.52055,0.52314,0.52056,0.52101,0.52574
0.10861,0.10997,0.11141,0.11339,0.11456,0.11624,0.11624,0.11625,0.11426,0.10812,0.097381,0.084121,0.073599,0.065204,0.05845,0.053536,0.050397,0.047008,0.044794,0.044528,0.044807,0.043921,0.041724,0.040632,0.044171,0.059319,0.091646,0.1395,0.23618,0.29945,0.38357
0.20336,0.20051,0.19916,0.2,0.20185,0.20511,0.21007,0.21687,0.22464,0.22738,0.22121,0.21125,0.20399,0.20003,0.19796,0.19994,0.20894,0.229,0.24706,0.24965,0.23668,0.22605,0.22255,0.22016,0.21882,0.21406,0.20198,0.19648,0.22031,0.27106,0.35111
0.15971,0.14498,0.12998,0.11092,0.091331,0.076182,0.06547,0.056437,0.048808,0.044403,0.04266,0.039434,0.036263,0.035467,0.037245,0.040445,0.043546,0.048469,0.061029,0.083502,0.11048,0.12486,0.12806,0.13218,0.14546,0.18102,0.2461,0.3213,0.42358,0.44845,0.46656
0.39357,0.39945,0.40784,0.42095,0.43597,0.44763,0.45757,0.46563,0.46868,0.46563,0.45988,0.45421,0.45041,0.44727,0.44673,0.4504,0.45607,0.46384,0.47148,0.47628,0.478,0.47503,0.47091,0.46879,0.4692,0.47432,0.48191,0.48871,0.48887,0.48846,0.49037
0.03314,0.032474,0.03329,0.035904,0.038728,0.043243,0.047201,0.051037,0.054841,0.056421,0.055792,0.053402,0.052391,0.051871,0.050959,0.050747,0.051898,0.052631,0.054261,0.057133,0.060732,0.060603,0.057599,0.056691,0.062277,0.084017,0.12899,0.18971,0.29517,0.3476,0.41308
0.24822,0.24002,0.23599,0.23473,0.23498,0.23775,0.24788,0.2621,0.28204,0.29758,0.30237,0.29872,0.29137,0.28513,0.2854,0.29353,0.30757,0.32641,0.34647,0.3657,0.38202,0.38549,0.38227,0.38273,0.39111,0.41319,0.44589,0.47573,0.50079,0.50049,0.49607
0.086892,0.084419,0.083072,0.082433,0.08146,0.082606,0.084869,0.088997,0.095199,0.098659,0.09585,0.087426,0.078713,0.071054,0.064996,0.060884,0.058404,0.055049,0.052504,0.052383,0.053732,0.052649,0.049622,0.048493,0.053361,0.073091,0.11404,0.1711,0.27763,0.33902,0.41808
0.39806,0.39511,0.3929,0.39095,0.38954,0.3883,0.3918,0.3974,0.40304,0.40406,0.39841,0.38786,0.37637,0.36689,0.36349,0.36608,0.37169,0.38029,0.39075,0.40193,0.41119,0.41096,0.40686,0.40623,0.4126,0.43005,0.45547,0.47869,0.49659,0.49672,0.49461
0.071599,0.0704,0.070163,0.071039,0.071679,0.07406,0.076371,0.079735,0.083633,0.0841,0.079034,0.070449,0.063213,0.057267,0.052169,0.048384,0.046238,0.043857,0.042632,0.042878,0.042994,0.042102,0.040063,0.039077,0.042721,0.057387,0.088008,0.13407,0.23028,0.29592,0.38426
0.39901,0.40649,0.41636,0.43141,0.44861,0.46243,0.47496,0.48577,0.49196,0.49164,0.4881,0.48426,0.48143,0.47834,0.47719,0.47963,0.48349,0.48858,0.49365,0.49674,0.49765,0.49438,0.49004,0.48792,0.48876,0.49478,0.50328,0.51084,0.51113,0.51043,0.51288
0.10699,0.10774,0.10842,0.10939,0.1097,0.10915,0.10622,0.10293,0.097597,0.090732,0.082335,0.074685,0.070398,0.06862,0.067544,0.067708,0.070757,0.078631,0.085875,0.085955,0.078189,0.072824,0.071851,0.071252,0.071332,0.06901,0.061772,0.058041,0.07312,0.1062,0.15788
0.31721,0.31038,0.30553,0.30115,0.29711,0.29431,0.29676,0.3011,0.30568,0.3055,0.29876,0.28801,0.27752,0.2701,0.27023,0.27829,0.29157,0.30848,0.32666,0.34495,0.36096,0.36401,0.36069,0.36139,0.37099,0.39564,0.43291,0.4676,0.4984,0.49912,0.49397
0.50729,0.51605,0.52218,0.52711,0.53087,0.5305,0.52976,0.52913,0.52481,0.5188,0.51337,0.50752,0.50147,0.49522,0.4917,0.49108,0.49004,0.48984,0.49083,0.49187,0.49106,0.48646,0.4818,0.47919,0.47978,0.4847,0.49143,0.498,0.49903,0.49935,0.50253
