0.26591,0.34989,0.40263,0.43091,0.4323,0.41443,0.39032,0.38187,0.39292,0.42219,0.44926,0.45703,0.44507,0.42172,0.39933,0.3784,0.36113,0.3503,0.33754,0.31889,0.29177,0.26177,0.23883,0.22348,0.21602,0.20982,0.1985,0.19154,0.1836,0.18184,0.20024
0.25079,0.32672,0.36997,0.38652,0.37615,0.3495,0.31352,0.2887,0.27127,0.2662,0.26396,0.25622,0.24709,0.23777,0.23314,0.23527,0.25144,0.30079,0.36898,0.43253,0.47001,0.47541,0.46327,0.45168,0.44743,0.44347,0.4328,0.42538,0.41378,0.41065,0.42611
0.10415,0.097123,0.087899,0.074669,0.059872,0.049481,0.043215,0.039047,0.036686,0.03573,0.035299,0.033181,0.030959,0.030018,0.030384,0.031405,0.034101,0.042612,0.0632,0.095344,0.12917,0.14533,0.14693,0.15066,0.16778,0.21107,0.28497,0.3694,0.48631,0.52182,0.55883
0.11666,0.11466,0.10792,0.094543,0.078086,0.064725,0.063639,0.070079,0.10848,0.19698,0.33071,0.46552,0.54738,0.58026,0.58699,0.58063,0.56666,0.54965,0.53667,0.52866,0.52019,0.51015,0.50468,0.50531,0.51904,0.54436,0.57528,0.6058,0.63328,0.62601,0.62219
0.18809,0.20819,0.21737,0.21571,0.20483,0.19015,0.17932,0.17792,0.18914,0.2083,0.22181,0.22183,0.21081,0.19625,0.18477,0.17655,0.17181,0.17313,0.17253,0.16451,0.14689,0.12515,0.10935,0.098913,0.092978,0.087919,0.080953,0.076479,0.074511,0.076784,0.085918
0.2942,0.45243,0.55633,0.62004,0.63416,0.60968,0.56272,0.53427,0.52417,0.54051,0.56493,0.57708,0.57604,0.56369,0.55355,0.54873,0.55575,0.57841,0.59882,0.60922,0.61324,0.61446,0.61135,0.60932,0.61438,0.62109,0.62061,0.62325,0.61266,0.59646,0.60738
0.16955,0.17393,0.17513,0.16911,0.15689,0.14251,0.13458,0.14324,0.19024,0.27195,0.35567,0.40518,0.4036,0.37349,0.33614,0.29671,0.25717,0.22516,0.19807,0.17509,0.15015,0.12605,0.11094,0.10089,0.093785,0.087573,0.08019,0.076277,0.078927,0.081485,0.092599
0.23369,0.27987,0.30423,0.30948,0.2962,0.27429,0.24977,0.23709,0.23643,0.24654,0.25453,0.25272,0.24532,0.23708,0.23352,0.23774,0.25649,0.31219,0.39481,0.48422,0.55874,0.60182,0.61478,0.61913,0.6245,0.63004,0.63105,0.63279,0.62677,0.61887,0.62213
0.28982,0.43951,0.53789,0.59757,0.60984,0.58596,0.54427,0.52413,0.53099,0.57032,0.61863,0.65004,0.65833,0.64872,0.6377,0.62829,0.62521,0.62969,0.63061,0.62682,0.62302,0.62127,0.61784,0.61588,0.62061,0.62705,0.62628,0.62862,0.6188,0.60338,0.61521
0.11303,0.099889,0.090543,0.079739,0.066735,0.056755,0.052801,0.057302,0.082296,0.12337,0.16348,0.1855,0.18622,0.17821,0.17036,0.16564,0.16531,0.16914,0.17224,0.17317,0.17289,0.16421,0.15601,0.1562,0.17222,0.2181,0.29807,0.38861,0.51303,0.54662,0.579
0.11787,0.11841,0.11268,0.099786,0.082484,0.068338,0.058211,0.051066,0.045822,0.042675,0.04045,0.037246,0.035076,0.033658,0.032853,0.032696,0.034603,0.039142,0.0463,0.053738,0.05784,0.055465,0.050843,0.049883,0.060241,0.090075,0.14476,0.21678,0.34217,0.40603,0.48723
0.073627,0.071861,0.064042,0.050686,0.038197,0.029476,0.029205,0.031761,0.057206,0.1278,0.24357,0.36126,0.42685,0.44251,0.42895,0.39839,0.35783,0.31824,0.2886,0.26572,0.23556,0.20447,0.18414,0.17057,0.16458,0.1571,0.14473,0.13755,0.13586,0.13656,0.14937
0.235,0.27635,0.2983,0.30255,0.28915,0.26788,0.24593,0.23687,0.24346,0.26271,0.27876,0.28194,0.27551,0.26666,0.26253,0.26637,0.28455,0.33641,0.41006,0.48627,0.5468,0.57815,0.58529,0.58792,0.59542,0.60755,0.61825,0.62834,0.63016,0.62193,0.62279
0.14933,0.14848,0.14517,0.1367,0.12479,0.11305,0.10706,0.10973,0.12725,0.15366,0.17378,0.1785,0.16936,0.15625,0.14542,0.13718,0.13085,0.12887,0.12558,0.11744,0.10291,0.086006,0.07464,0.067218,0.06222,0.058133,0.053666,0.050901,0.051635,0.054445,0.059742
0.11629,0.10477,0.093523,0.080204,0.066726,0.056958,0.050888,0.048978,0.051438,0.054888,0.055354,0.052931,0.04924,0.046796,0.047189,0.050671,0.05697,0.078505,0.12907,0.21644,0.33136,0.44086,0.50806,0.54791,0.57153,0.59017,0.60782,0.62246,0.63164,0.62783,0.6214
0.23093,0.29548,0.33516,0.35247,0.34402,0.32104,0.29853,0.29535,0.32327,0.37826,0.43369,0.4665,0.47093,0.45989,0.45025,0.44654,0.4534,0.4751,0.49637,0.5095,0.51511,0.51222,0.50721,0.50762,0.52074,0.54707,0.57806,0.60775,0.62948,0.61933,0.619
0.26137,0.39602,0.47968,0.52424,0.52462,0.4905,0.43095,0.37913,0.3249,0.28863,0.2688,0.25218,0.23768,0.22092,0.20901,0.20018,0.19931,0.20633,0.21122,0.21051,0.20423,0.19258,0.1811,0.17679,0.18817,0.21097,0.23672,0.26347,0.28382,0.27779,0.29012
0.18104,0.17956,0.17656,0.16679,0.14977,0.13243,0.12441,0.13109,0.1746,0.25555,0.35012,0.42488,0.45686,0.46171,0.45896,0.45758,0.46151,0.47666,0.4933,0.50397,0.50664,0.50111,0.49681,0.49807,0.51029,0.53599,0.56953,0.60128,0.63078,0.62621,0.6221
0.068486,0.059831,0.052698,0.04534,0.037774,0.033864,0.031702,0.031507,0.034765,0.039257,0.041649,0.040321,0.038428,0.037351,0.036241,0.035744,0.037044,0.040218,0.045494,0.050627,0.052864,0.050341,0.04642,0.045486,0.053231,0.07833,0.12644,0.19128,0.31022,0.37712,0.46263
0.25584,0.33134,0.37887,0.40168,0.39565,0.3718,0.34557,0.34063,0.36987,0.43041,0.49357,0.53343,0.54359,0.53651,0.52929,0.52781,0.53666,0.5628,0.58941,0.60675,0.61516,0.61754,0.61636,0.61558,0.61909,0.62433,0.62495,0.62765,0.62392,0.61433,0.62073
0.18583,0.21305,0.22906,0.23442,0.22935,0.21818,0.20974,0.21426,0.24034,0.28102,0.31361,0.32169,0.30461,0.27622,0.24834,0.2216,0.19666,0.17705,0.15816,0.13923,0.11827,0.098347,0.085094,0.076386,0.071044,0.066762,0.06083,0.057703,0.057067,0.057658,0.067559
0.27737,0.40579,0.48703,0.53215,0.53518,0.50843,0.46651,0.44196,0.43452,0.44891,0.46764,0.47424,0.46993,0.4576,0.44929,0.44895,0.4644,0.50508,0.54926,0.58186,0.60108,0.60924,0.60827,0.60705,0.61255,0.61961,0.61993,0.62289,0.61435,0.60005,0.60847
0.27932,0.43155,0.53079,0.59156,0.606,0.58463,0.54476,0.52305,0.52058,0.54341,0.5717,0.58299,0.57249,0.54549,0.5183,0.49044,0.4669,0.44596,0.42303,0.4028,0.38799,0.37463,0.36291,0.35985,0.37494,0.40577,0.4402,0.47482,0.49805,0.48597,0.49908
0.07369,0.064903,0.056517,0.047071,0.037571,0.032664,0.030778,0.030287,0.03162,0.033104,0.033462,0.031687,0.030361,0.030092,0.029913,0.030158,0.032221,0.037435,0.048022,0.061913,0.073767,0.075732,0.072057,0.071883,0.083158,0.11648,0.17753,0.25427,0.38036,0.4392,0.51105
0.061513,0.050547,0.043157,0.036766,0.030695,0.028098,0.02647,0.026751,0.032289,0.041476,0.049558,0.051506,0.049465,0.047832,0.047167,0.048522,0.054389,0.07015,0.096708,0.12902,0.15814,0.16771,0.16493,0.16649,0.18257,0.22708,0.30423,0.39137,0.50999,0.54376,0.57757
0.20402,0.29987,0.36598,0.41368,0.4365,0.43303,0.40472,0.37585,0.33675,0.30256,0.27718,0.2544,0.23526,0.21464,0.19529,0.17652,0.16164,0.15165,0.14055,0.12569,0.10726,0.089708,0.076334,0.067487,0.063947,0.061504,0.056827,0.055341,0.048898,0.043887,0.054528
0.10632,0.093088,0.08201,0.069932,0.057751,0.050308,0.047533,0.048671,0.057337,0.069794,0.078768,0.079427,0.07455,0.070699,0.069701,0.072509,0.08247,0.10882,0.14972,0.19644,0.23718,0.2531,0.25296,0.25685,0.27667,0.32478,0.40152,0.4819,0.57708,0.5917,0.60036
0.13132,0.11936,0.10988,0.09853,0.085133,0.0752,0.071499,0.076019,0.09775,0.13049,0.15852,0.17104,0.16854,0.16271,0.15999,0.16354,0.17798,0.21443,0.2632,0.31058,0.34617,0.35716,0.35544,0.35869,0.37731,0.42023,0.48372,0.54603,0.61145,0.6141,0.61093
0.22603,0.27141,0.29679,0.30378,0.29114,0.26954,0.2501,0.24543,0.26188,0.29473,0.32407,0.33626,0.33178,0.32077,0.31429,0.31574,0.33111,0.37009,0.41564,0.45297,0.47631,0.48131,0.4778,0.47908,0.49471,0.52619,0.56496,0.60146,0.63057,0.6226,0.62061
0.10659,0.097975,0.089977,0.079717,0.069001,0.060112,0.056115,0.057208,0.0672,0.08218,0.092867,0.094178,0.087832,0.080402,0.07516,0.072201,0.070793,0.072873,0.074099,0.071309,0.063504,0.053597,0.047145,0.042958,0.039962,0.037548,0.035325,0.033986,0.035258,0.037389,0.039153
0.21379,0.2712,0.29785,0.29725,0.27308,0.23685,0.19452,0.15968,0.12631,0.10545,0.09474,0.086397,0.079966,0.07425,0.072154,0.072855,0.081132,0.11006,0.15303,0.19561,0.22054,0.22204,0.21222,0.20465,0.20702,0.2131,0.21652,0.22112,0.22368,0.22244,0.23263
0.19361,0.22004,0.23199,0.23017,0.21557,0.19784,0.18505,0.182,0.19135,0.20853,0.2211,0.22009,0.20823,0.19245,0.1802,0.17137,0.16721,0.16567,0.16244,0.15851,0.15563,0.14709,0.1386,0.13824,0.15522,0.19999,0.27445,0.36055,0.47912,0.51307,0.55443
0.075602,0.063996,0.055967,0.048026,0.039731,0.033715,0.029301,0.029956,0.051863,0.10447,0.17975,0.25101,0.29275,0.31079,0.31734,0.32467,0.34139,0.38856,0.45772,0.52803,0.58072,0.60815,0.61667,0.61985,0.62369,0.62803,0.63035,0.63284,0.63197,0.62729,0.62668
0.22548,0.26546,0.28894,0.29497,0.28205,0.25989,0.24366,0.24819,0.29425,0.37887,0.46973,0.53083,0.54401,0.5287,0.50743,0.48452,0.4623,0.44173,0.42094,0.40411,0.3917,0.3786,0.37004,0.37009,0.38593,0.42099,0.46783,0.51402,0.55941,0.55561,0.55874
0.15422,0.15573,0.15103,0.13858,0.12209,0.10685,0.092957,0.084261,0.079887,0.079376,0.077479,0.071932,0.066266,0.063354,0.063145,0.065572,0.072979,0.10332,0.15814,0.22201,0.26796,0.28047,0.27224,0.26206,0.25443,0.24642,0.23562,0.2269,0.22011,0.22488,0.23618
0.1794,0.22367,0.25326,0.27186,0.27751,0.27309,0.26736,0.27425,0.30109,0.33991,0.36701,0.36624,0.33846,0.29796,0.25842,0.22073,0.18691,0.16113,0.13798,0.11752,0.097963,0.080797,0.068968,0.06121,0.05675,0.053729,0.048886,0.046723,0.044754,0.043014,0.053745
0.13419,0.12765,0.11876,0.10524,0.090525,0.07848,0.070307,0.066438,0.067599,0.071926,0.073633,0.070308,0.064978,0.061598,0.060661,0.062404,0.068453,0.090045,0.12294,0.1536,0.16642,0.15819,0.1437,0.13209,0.12477,0.11845,0.11081,0.10481,0.10152,0.10575,0.11326
0.18285,0.18702,0.18808,0.18159,0.16616,0.14943,0.1402,0.14577,0.18209,0.24284,0.30258,0.33924,0.34602,0.3394,0.33373,0.33441,0.3456,0.37441,0.40667,0.43113,0.44449,0.44287,0.43797,0.43969,0.45564,0.49091,0.53919,0.5848,0.62814,0.62474,0.61985
0.20526,0.23808,0.25025,0.24303,0.22,0.19097,0.15901,0.13472,0.11347,0.10037,0.092282,0.084805,0.079021,0.074418,0.073817,0.077301,0.087038,0.12227,0.19275,0.29789,0.41872,0.52154,0.57753,0.60732,0.62342,0.63125,0.63331,0.63588,0.63241,0.62541,0.62366
0.12258,0.11809,0.10974,0.09532,0.079014,0.06606,0.064281,0.069857,0.10763,0.19749,0.33584,0.4779,0.56849,0.60955,0.62219,0.62076,0.61044,0.59928,0.59329,0.58825,0.57462,0.55754,0.54617,0.53857,0.53674,0.53377,0.52569,0.52133,0.51875,0.51705,0.5255
0.25353,0.32892,0.37481,0.39578,0.38938,0.36706,0.34421,0.33987,0.36333,0.41094,0.45653,0.47536,0.46283,0.43323,0.40446,0.37699,0.3534,0.33161,0.30865,0.29103,0.28175,0.27025,0.26003,0.26025,0.28176,0.33318,0.41016,0.49239,0.58436,0.58952,0.60307
0.19095,0.19666,0.1972,0.18814,0.17033,0.15097,0.14144,0.14796,0.19733,0.29701,0.42516,0.53821,0.5988,0.61963,0.6234,0.62197,0.6186,0.61987,0.62289,0.62426,0.62163,0.6184,0.61777,0.6177,0.62009,0.62291,0.62296,0.62527,0.62708,0.62183,0.62377
0.23919,0.31556,0.36215,0.38669,0.38751,0.37227,0.35115,0.33994,0.33649,0.3407,0.34037,0.32476,0.29606,0.26009,0.22781,0.19766,0.17211,0.15006,0.12932,0.11486,0.10743,0.099592,0.091879,0.090929,0.10484,0.1381,0.18762,0.24281,0.30822,0.31827,0.3412
0.12446,0.11903,0.11481,0.10756,0.097767,0.087889,0.083561,0.091399,0.12595,0.18024,0.22833,0.24829,0.23468,0.20592,0.17624,0.14804,0.12163,0.10177,0.085525,0.07349,0.063001,0.053857,0.048922,0.045814,0.043159,0.041737,0.040816,0.041043,0.045403,0.047296,0.05212
0.26605,0.34705,0.39841,0.42334,0.4177,0.39243,0.36458,0.36032,0.39642,0.47193,0.55498,0.61243,0.63154,0.62645,0.61693,0.60834,0.6036,0.60672,0.60814,0.60454,0.59635,0.58677,0.57886,0.5736,0.57335,0.57412,0.56923,0.56759,0.56185,0.55456,0.56648
0.25292,0.34714,0.39824,0.41307,0.39254,0.35082,0.29446,0.24874,0.20561,0.17943,0.16626,0.15545,0.14724,0.13925,0.13649,0.13905,0.15377,0.20166,0.2808,0.37863,0.47126,0.53228,0.55512,0.56607,0.58007,0.5963,0.60964,0.62327,0.62584,0.61302,0.61339
0.21561,0.23869,0.25261,0.2541,0.24151,0.22235,0.20762,0.21204,0.25462,0.33026,0.40798,0.45874,0.47263,0.46696,0.45866,0.45423,0.45636,0.47287,0.48957,0.49396,0.48041,0.45594,0.43623,0.42261,0.41405,0.40636,0.39481,0.38672,0.38217,0.38487,0.39988
0.19262,0.20557,0.21042,0.20555,0.1913,0.17546,0.16286,0.16229,0.18024,0.21032,0.23457,0.24302,0.23852,0.23127,0.22803,0.23259,0.25086,0.30298,0.37854,0.45818,0.52272,0.557,0.56628,0.57067,0.57922,0.59396,0.60978,0.62398,0.63166,0.62575,0.62445
0.15967,0.15724,0.15214,0.14121,0.12536,0.11186,0.10564,0.10781,0.12467,0.15015,0.17045,0.17575,0.16821,0.15728,0.14946,0.14563,0.14665,0.15191,0.15652,0.1589,0.15936,0.15108,0.14249,0.14206,0.15793,0.2021,0.27751,0.36347,0.48265,0.51762,0.55472
0.2803,0.44801,0.55896,0.62858,0.64631,0.62294,0.57511,0.54523,0.53269,0.54695,0.57037,0.58175,0.57854,0.56267,0.54863,0.53806,0.5373,0.54644,0.55173,0.5506,0.54803,0.544,0.53775,0.53665,0.54935,0.57219,0.59371,0.61556,0.62103,0.60259,0.60984
0.13866,0.13551,0.13029,0.11876,0.10221,0.087417,0.082646,0.090329,0.13432,0.21937,0.32361,0.40528,0.43274,0.42303,0.39981,0.3711,0.34037,0.30957,0.28276,0.26572,0.25599,0.24323,0.23427,0.23513,0.25477,0.30401,0.38313,0.46906,0.57578,0.59077,0.60506
0.19712,0.21894,0.22893,0.22707,0.21475,0.19855,0.18582,0.18334,0.19463,0.215,0.23007,0.23196,0.22395,0.21344,0.20658,0.20512,0.21146,0.23302,0.25588,0.26556,0.25493,0.23073,0.20967,0.1951,0.18687,0.17971,0.16945,0.16216,0.15753,0.16083,0.17329
0.20952,0.24884,0.26808,0.26996,0.25568,0.23549,0.21668,0.20572,0.20102,0.20213,0.20175,0.19301,0.17912,0.16305,0.1506,0.14094,0.13559,0.13198,0.127,0.12226,0.119,0.11076,0.10216,0.10129,0.1181,0.16254,0.23747,0.3269,0.45551,0.49806,0.55281
0.0843,0.072675,0.063059,0.052996,0.044552,0.039022,0.034936,0.033112,0.034346,0.03733,0.038506,0.036571,0.033786,0.032997,0.033411,0.034459,0.036209,0.048472,0.075338,0.10934,0.13347,0.13718,0.12945,0.12144,0.11475,0.10849,0.10198,0.09664,0.09372,0.098252,0.10454
0.24171,0.33642,0.39266,0.41864,0.41199,0.38548,0.35256,0.33163,0.31991,0.32109,0.32511,0.32076,0.309,0.29218,0.28073,0.2749,0.27961,0.29397,0.30555,0.31097,0.3132,0.30621,0.29686,0.29743,0.32049,0.3709,0.44227,0.51655,0.59207,0.58991,0.59559
0.14786,0.15226,0.14985,0.13959,0.12342,0.1095,0.10184,0.099654,0.1042,0.11202,0.11662,0.11347,0.10605,0.098582,0.094394,0.094127,0.0999,0.11247,0.1261,0.13657,0.14265,0.13743,0.12946,0.12914,0.14606,0.19183,0.26992,0.36036,0.48699,0.52524,0.56734
0.22389,0.24041,0.24972,0.24789,0.23322,0.2137,0.19972,0.20427,0.24703,0.32371,0.40466,0.46055,0.4798,0.47921,0.47593,0.47861,0.49185,0.52753,0.56856,0.59998,0.61726,0.62292,0.62357,0.62353,0.62543,0.62879,0.62954,0.63154,0.63145,0.62679,0.62979
0.11679,0.098623,0.087366,0.076947,0.066679,0.058863,0.052179,0.054767,0.078757,0.11988,0.15879,0.18046,0.18404,0.18241,0.18114,0.18514,0.19875,0.24242,0.30762,0.37169,0.41049,0.41532,0.40407,0.39282,0.38363,0.37546,0.36569,0.35739,0.35251,0.3583,0.36936
0.12876,0.12564,0.11943,0.10687,0.090524,0.076089,0.072316,0.079487,0.12191,0.2093,0.32478,0.42539,0.46987,0.4713,0.45413,0.42802,0.39727,0.3663,0.34066,0.32344,0.30835,0.29217,0.28244,0.28058,0.29241,0.31847,0.35333,0.38838,0.42742,0.42924,0.43603
0.13699,0.12938,0.12091,0.10854,0.093425,0.082365,0.07872,0.081381,0.095374,0.11518,0.13025,0.13334,0.1273,0.12005,0.11611,0.11708,0.1255,0.14437,0.16611,0.18403,0.19576,0.19263,0.18517,0.18569,0.20381,0.2522,0.33331,0.42332,0.54105,0.56843,0.59346
0.30418,0.46547,0.57172,0.63833,0.65644,0.63488,0.58765,0.5558,0.53568,0.5382,0.54955,0.55175,0.54461,0.52768,0.51236,0.49982,0.49556,0.50233,0.50622,0.4995,0.48078,0.45611,0.43366,0.41825,0.41314,0.40912,0.39676,0.38947,0.37372,0.36486,0.38734
0.13502,0.12964,0.12166,0.10882,0.094344,0.082246,0.072483,0.067378,0.067414,0.070921,0.071819,0.067765,0.06241,0.059671,0.059381,0.061571,0.068195,0.094389,0.13937,0.1882,0.21841,0.21996,0.2075,0.19575,0.1875,0.1798,0.17021,0.16236,0.15697,0.1619,0.1716
0.28047,0.42536,0.51857,0.57387,0.5845,0.55888,0.50674,0.46488,0.42493,0.40237,0.39104,0.37812,0.36596,0.35085,0.33969,0.33323,0.33808,0.3601,0.38119,0.38692,0.37279,0.3471,0.32293,0.30617,0.30017,0.295,0.28231,0.27468,0.26096,0.25469,0.27553
0.066628,0.056067,0.047758,0.039724,0.032115,0.028902,0.028211,0.029247,0.03394,0.039862,0.043659,0.042829,0.040461,0.039122,0.038372,0.038987,0.043019,0.053056,0.069141,0.0873,0.10207,0.10414,0.099664,0.099785,0.11307,0.15165,0.22073,0.30377,0.43073,0.48135,0.54013
0.24636,0.35475,0.41701,0.44148,0.42769,0.38785,0.3285,0.27887,0.23054,0.20091,0.18595,0.17326,0.1641,0.15539,0.15107,0.15133,0.16359,0.20431,0.25989,0.30889,0.33121,0.32426,0.305,0.28907,0.28309,0.27711,0.26394,0.25535,0.24354,0.23951,0.25648
0.14055,0.13062,0.12338,0.11308,0.098881,0.085725,0.07805,0.08273,0.12133,0.19649,0.28688,0.36051,0.39598,0.40695,0.40946,0.41532,0.43146,0.47505,0.53107,0.57979,0.6104,0.62315,0.6265,0.62753,0.62961,0.63263,0.63382,0.6359,0.63666,0.63247,0.63221
0.22488,0.27622,0.30633,0.31899,0.31413,0.29827,0.28142,0.27596,0.28353,0.3012,0.31433,0.31326,0.30039,0.28211,0.26666,0.25418,0.24595,0.24445,0.24052,0.22847,0.20604,0.17954,0.15959,0.14633,0.13943,0.13348,0.12398,0.11798,0.11294,0.11377,0.12789
0.10653,0.097122,0.086899,0.073859,0.06058,0.050468,0.043414,0.039959,0.039136,0.038791,0.03697,0.034583,0.032674,0.031669,0.032586,0.035166,0.037297,0.048749,0.085927,0.15904,0.25904,0.35724,0.41778,0.45102,0.46409,0.46469,0.45863,0.45279,0.44733,0.45056,0.45599
0.096807,0.090868,0.084551,0.074405,0.062669,0.051737,0.046586,0.050964,0.084106,0.1509,0.23172,0.29161,0.3048,0.28658,0.25669,0.22243,0.18713,0.15851,0.13591,0.11818,0.098907,0.080986,0.070665,0.063858,0.059326,0.054697,0.049111,0.046511,0.049509,0.050504,0.056861
0.18493,0.19011,0.18823,0.17771,0.1609,0.14442,0.12937,0.12231,0.12373,0.13044,0.13345,0.12944,0.12266,0.11771,0.11705,0.122,0.13519,0.17843,0.25729,0.3632,0.47218,0.55298,0.59087,0.60934,0.61868,0.62412,0.62645,0.62853,0.62548,0.62127,0.62028
0.28097,0.37983,0.44266,0.4757,0.47391,0.44889,0.41757,0.40779,0.42925,0.48087,0.53582,0.5695,0.57694,0.56813,0.55971,0.55638,0.56257,0.58319,0.60241,0.61302,0.61725,0.61824,0.61648,0.61539,0.61923,0.62458,0.62438,0.6267,0.62084,0.60936,0.61716
0.072536,0.063343,0.055512,0.047133,0.039828,0.034935,0.03378,0.035018,0.040382,0.047449,0.051846,0.051721,0.048512,0.04557,0.044019,0.044218,0.046217,0.052897,0.060439,0.064073,0.061176,0.053807,0.047782,0.043597,0.040692,0.038199,0.035701,0.033911,0.033801,0.035413,0.036612
0.10599,0.091431,0.079947,0.067997,0.056254,0.048907,0.04515,0.045643,0.05403,0.066634,0.075902,0.077292,0.072828,0.069286,0.068925,0.072321,0.082119,0.11068,0.16215,0.22992,0.29647,0.33378,0.34468,0.35386,0.37414,0.41732,0.4824,0.54656,0.61397,0.61759,0.61365
0.15943,0.16242,0.16149,0.15277,0.13818,0.12244,0.11434,0.12158,0.16759,0.2541,0.35297,0.42384,0.44006,0.42122,0.39022,0.35403,0.31545,0.28229,0.25508,0.23333,0.20898,0.18426,0.1684,0.15839,0.15362,0.15078,0.14643,0.14487,0.14904,0.15166,0.16397
0.2986,0.49857,0.63427,0.72563,0.75864,0.74105,0.68784,0.65031,0.62429,0.62582,0.64244,0.65286,0.65375,0.64178,0.62933,0.61788,0.61394,0.61709,0.61611,0.61019,0.60535,0.60322,0.59836,0.59606,0.60322,0.61413,0.61817,0.62476,0.61338,0.5935,0.60655
0.19416,0.28795,0.35725,0.41636,0.45665,0.47144,0.45914,0.4411,0.40496,0.36365,0.32567,0.2898,0.25793,0.22355,0.1902,0.15812,0.13169,0.11215,0.095121,0.080249,0.068053,0.059409,0.05215,0.047604,0.046928,0.048316,0.048797,0.051226,0.045919,0.040087,0.050379
0.12501,0.10917,0.098721,0.08793,0.075606,0.0659,0.059711,0.063241,0.089231,0.13306,0.17548,0.20064,0.20523,0.20286,0.20154,0.20634,0.22248,0.26777,0.3346,0.40613,0.46452,0.49332,0.50059,0.50596,0.51838,0.5437,0.57752,0.60784,0.63408,0.63097,0.62551
0.12438,0.11743,0.10901,0.095466,0.080079,0.066623,0.061405,0.065515,0.10185,0.18252,0.29382,0.39482,0.44606,0.45747,0.44912,0.43136,0.40803,0.387,0.36986,0.3516,0.32236,0.28937,0.26735,0.25266,0.24404,0.23501,0.22259,0.21464,0.21367,0.21762,0.23112
0.13924,0.1277,0.11802,0.10595,0.091644,0.080776,0.075922,0.078902,0.097639,0.12642,0.15066,0.16052,0.15697,0.15106,0.1487,0.15257,0.16706,0.20353,0.25363,0.30418,0.34362,0.35722,0.35642,0.36009,0.37915,0.42272,0.48715,0.55023,0.61597,0.61831,0.6144
0.087393,0.078472,0.071246,0.061838,0.051757,0.042725,0.038828,0.043336,0.073867,0.13471,0.20898,0.26651,0.28473,0.27646,0.25765,0.23459,0.20941,0.18778,0.16934,0.15224,0.13087,0.10913,0.095634,0.086752,0.080629,0.074726,0.068033,0.064096,0.065747,0.068147,0.075105
0.27529,0.39267,0.46709,0.50776,0.50895,0.4829,0.44513,0.42654,0.43065,0.4594,0.49128,0.50704,0.50617,0.49446,0.48583,0.48469,0.4978,0.53326,0.57058,0.59676,0.61123,0.61678,0.61528,0.61392,0.61868,0.62492,0.62463,0.62681,0.61869,0.60562,0.61429
0.21365,0.2556,0.27869,0.28421,0.27167,0.25163,0.23594,0.23438,0.25385,0.28891,0.31981,0.33031,0.31995,0.30007,0.28325,0.27005,0.26208,0.25683,0.24878,0.24055,0.23551,0.22509,0.21544,0.21569,0.23573,0.28584,0.36481,0.45082,0.55462,0.56938,0.58738
0.29833,0.47491,0.592,0.66634,0.68689,0.66384,0.61262,0.57809,0.5569,0.56101,0.57606,0.5829,0.58071,0.56818,0.55796,0.55286,0.56001,0.58236,0.6021,0.612,0.61628,0.61827,0.6153,0.61348,0.61944,0.62737,0.62785,0.63135,0.61954,0.60168,0.61315
0.25903,0.35523,0.41638,0.4483,0.44583,0.4208,0.38977,0.38041,0.40319,0.45677,0.51356,0.54842,0.55607,0.54709,0.53861,0.53606,0.54456,0.57009,0.59511,0.61056,0.61787,0.62012,0.61862,0.61762,0.62153,0.62697,0.62686,0.62912,0.62324,0.61166,0.61896
0.16247,0.15758,0.15215,0.14195,0.12674,0.1131,0.10538,0.10843,0.13229,0.17049,0.20414,0.22031,0.21871,0.21229,0.20925,0.21322,0.22907,0.2703,0.32639,0.38198,0.42416,0.43985,0.44026,0.44359,0.45987,0.49531,0.54429,0.59016,0.63306,0.6304,0.62463
0.2383,0.29781,0.33201,0.34423,0.33292,0.30973,0.28802,0.28094,0.29307,0.32107,0.34685,0.35628,0.34901,0.33398,0.32367,0.31972,0.32622,0.34453,0.36162,0.37194,0.37668,0.37051,0.36226,0.36327,0.38431,0.4301,0.49322,0.55614,0.61714,0.61324,0.61363
0.19987,0.22859,0.24075,0.23793,0.22191,0.20245,0.1857,0.17558,0.17046,0.16981,0.16791,0.15937,0.14758,0.13492,0.12591,0.11991,0.11838,0.11922,0.11889,0.11757,0.11606,0.10854,0.10042,0.099764,0.11627,0.16007,0.23447,0.32335,0.45267,0.49712,0.55247
0.30019,0.50382,0.64228,0.73563,0.76934,0.75119,0.69618,0.65725,0.63029,0.63187,0.64906,0.65996,0.66137,0.6499,0.63816,0.62784,0.62538,0.63034,0.63112,0.62691,0.62388,0.62349,0.61956,0.61738,0.62351,0.63223,0.63334,0.63746,0.62364,0.6035,0.61683
0.07779,0.070269,0.06294,0.054185,0.044634,0.038733,0.035263,0.034235,0.036559,0.039863,0.040861,0.03867,0.03647,0.035163,0.033934,0.033164,0.033675,0.035166,0.038125,0.040791,0.040596,0.037755,0.03458,0.033487,0.03932,0.058749,0.096882,0.15163,0.26104,0.33033,0.42131
0.29872,0.47841,0.59638,0.6698,0.6876,0.65982,0.5984,0.54884,0.50224,0.47765,0.46807,0.45728,0.44612,0.43041,0.41982,0.41574,0.42722,0.45856,0.48958,0.50918,0.51894,0.51931,0.51334,0.51253,0.52786,0.55534,0.58337,0.61141,0.62184,0.60263,0.60781
0.18068,0.1902,0.19277,0.18629,0.17135,0.15623,0.14773,0.1506,0.17268,0.20656,0.23358,0.23998,0.22752,0.20818,0.19109,0.17652,0.16476,0.15391,0.14246,0.13371,0.1289,0.11996,0.11188,0.11157,0.12718,0.17151,0.24849,0.33908,0.47022,0.51311,0.5636
0.10794,0.09743,0.087494,0.075716,0.063491,0.055089,0.05017,0.049456,0.054087,0.060412,0.063401,0.061873,0.057592,0.054492,0.054539,0.05801,0.066175,0.092583,0.14804,0.23344,0.33301,0.41303,0.45491,0.48064,0.50291,0.53275,0.57096,0.606,0.63649,0.63336,0.62554
0.14165,0.13002,0.12195,0.11162,0.098745,0.087018,0.079909,0.084416,0.11482,0.16595,0.21531,0.24434,0.24965,0.2457,0.24168,0.24281,0.25214,0.28152,0.31661,0.33874,0.33641,0.31473,0.294,0.27908,0.26858,0.25945,0.24866,0.24032,0.23764,0.24406,0.25612
0.23778,0.28694,0.31453,0.32247,0.30999,0.28821,0.27033,0.26752,0.2866,0.3224,0.3544,0.36562,0.35522,0.33475,0.3178,0.30488,0.29775,0.29383,0.28669,0.27881,0.27387,0.26325,0.25342,0.25398,0.27524,0.32667,0.4054,0.48915,0.5848,0.59313,0.60408
0.22183,0.25761,0.27919,0.28498,0.27233,0.25094,0.23448,0.23763,0.2782,0.35106,0.4262,0.47534,0.4879,0.48067,0.47242,0.46931,0.47503,0.49425,0.51285,0.52348,0.52678,0.52273,0.51849,0.51932,0.53084,0.55467,0.58367,0.61123,0.63344,0.62579,0.62418
0.25573,0.37938,0.45922,0.50454,0.50868,0.48389,0.4494,0.43749,0.45831,0.51327,0.5743,0.61199,0.6167,0.59946,0.58025,0.56117,0.54627,0.53416,0.51868,0.50399,0.49424,0.48541,0.4777,0.47726,0.49279,0.52371,0.55922,0.59437,0.61823,0.60361,0.60804
0.27968,0.39709,0.4732,0.51596,0.5189,0.49352,0.45827,0.44646,0.46958,0.52926,0.59668,0.64184,0.65545,0.6477,0.63722,0.62805,0.62375,0.62648,0.62639,0.6224,0.61769,0.61397,0.60972,0.60711,0.61017,0.61483,0.61336,0.61489,0.60741,0.59454,0.60442
0.17356,0.24253,0.29465,0.34186,0.37754,0.39468,0.39108,0.38072,0.35256,0.31617,0.28085,0.24783,0.21889,0.18807,0.15795,0.12925,0.10573,0.089019,0.074954,0.0625,0.052157,0.045228,0.039688,0.036051,0.034682,0.034496,0.033856,0.035124,0.030056,0.02516,0.03228
0.18391,0.1933,0.19664,0.19008,0.17438,0.15631,0.147,0.15411,0.20432,0.30458,0.43187,0.54246,0.59965,0.61671,0.61631,0.60942,0.59897,0.59155,0.58621,0.57921,0.56467,0.54692,0.53488,0.52676,0.52292,0.51898,0.51087,0.50617,0.50394,0.50329,0.51375
0.061446,0.051829,0.043609,0.035995,0.029224,0.025377,0.025425,0.027607,0.031894,0.034765,0.035016,0.03511,0.034286,0.032728,0.032499,0.034669,0.038715,0.049281,0.078411,0.14371,0.25418,0.386,0.48118,0.54113,0.57627,0.59927,0.61494,0.62479,0.62637,0.62161,0.61587
0.14003,0.1427,0.14276,0.1376,0.12819,0.11765,0.11208,0.11727,0.14279,0.18173,0.21333,0.22283,0.20955,0.18741,0.16605,0.14611,0.12731,0.11292,0.099404,0.086363,0.072404,0.059487,0.05175,0.046714,0.042916,0.039905,0.036645,0.035043,0.036693,0.037955,0.042628
0.22832,0.25994,0.27767,0.28085,0.26828,0.24883,0.2306,0.22843,0.25189,0.29498,0.33361,0.35154,0.35032,0.34238,0.33771,0.34179,0.36103,0.41403,0.48267,0.5454,0.58925,0.60968,0.61353,0.61397,0.61675,0.62107,0.62191,0.62362,0.62025,0.61388,0.61711
0.16924,0.1792,0.18325,0.17969,0.1693,0.15701,0.15046,0.15582,0.18163,0.2191,0.24598,0.24798,0.22592,0.19487,0.16666,0.14125,0.11862,0.10054,0.08493,0.074615,0.068439,0.062272,0.058065,0.057372,0.062676,0.077205,0.099199,0.12289,0.15367,0.16071,0.17197
0.16022,0.15354,0.14636,0.1352,0.12085,0.10908,0.10162,0.10323,0.11999,0.14533,0.16441,0.17003,0.16518,0.15964,0.15801,0.16295,0.17901,0.22583,0.29976,0.38548,0.46185,0.50665,0.522,0.53073,0.5432,0.56476,0.59154,0.61528,0.63322,0.62904,0.62449
0.16182,0.17689,0.18615,0.18861,0.18417,0.17578,0.17083,0.17876,0.21064,0.25773,0.29408,0.30109,0.27794,0.24196,0.20676,0.17364,0.14349,0.12118,0.10197,0.085926,0.071108,0.058549,0.050948,0.045955,0.042269,0.039614,0.036396,0.035211,0.036637,0.036686,0.043382
0.12186,0.10891,0.098251,0.086149,0.073169,0.06415,0.059461,0.060965,0.073852,0.093068,0.10757,0.11138,0.10664,0.102,0.10091,0.10491,0.11779,0.15444,0.21426,0.28633,0.35254,0.38865,0.39916,0.40774,0.42659,0.46491,0.51955,0.57136,0.62158,0.62093,0.61462
0.20308,0.23365,0.25192,0.25625,0.24627,0.22843,0.21465,0.22064,0.26711,0.35055,0.43758,0.49273,0.50057,0.48105,0.45425,0.4247,0.39419,0.3688,0.34507,0.32089,0.29059,0.25894,0.23718,0.22264,0.21363,0.20563,0.19421,0.18707,0.18498,0.18714,0.20376
0.21254,0.24532,0.26255,0.26386,0.24869,0.22757,0.21229,0.2118,0.23521,0.27661,0.31464,0.33196,0.32691,0.31209,0.30061,0.29449,0.2961,0.30554,0.31303,0.31623,0.31719,0.30919,0.30072,0.30146,0.32083,0.36733,0.43786,0.51192,0.59553,0.60184,0.6087
0.12957,0.11955,0.1103,0.098061,0.083423,0.072637,0.068288,0.070574,0.085632,0.10802,0.12586,0.13052,0.12462,0.11665,0.11128,0.10971,0.11309,0.12158,0.13049,0.13692,0.14027,0.13365,0.12572,0.12541,0.14087,0.18513,0.26254,0.35224,0.48103,0.5231,0.56807
0.18689,0.20659,0.2172,0.21787,0.20896,0.19562,0.18689,0.192,0.22076,0.26449,0.29787,0.30363,0.2812,0.24711,0.21503,0.18509,0.15772,0.13575,0.11666,0.1028,0.092179,0.082447,0.076104,0.073528,0.076335,0.085252,0.096735,0.10875,0.12343,0.12599,0.13565
0.1487,0.14962,0.1437,0.12977,0.11115,0.093938,0.079679,0.070643,0.064838,0.061473,0.057852,0.05357,0.04971,0.046885,0.047021,0.050305,0.056517,0.079446,0.13308,0.22604,0.34935,0.47016,0.54558,0.58896,0.61142,0.62263,0.62782,0.6316,0.63022,0.62564,0.62153
0.077639,0.061487,0.052433,0.04546,0.039095,0.034708,0.029659,0.031387,0.054309,0.10089,0.1569,0.20153,0.22254,0.2297,0.2315,0.23659,0.25142,0.2982,0.36983,0.44417,0.49707,0.51749,0.51713,0.51277,0.50821,0.50337,0.49637,0.49054,0.48546,0.48721,0.49416
0.20528,0.23173,0.24595,0.2455,0.22986,0.20811,0.19455,0.2001,0.24947,0.3452,0.45928,0.55007,0.58791,0.58972,0.57942,0.5647,0.54847,0.5331,0.51794,0.50566,0.4959,0.48581,0.48014,0.48112,0.49504,0.52358,0.55974,0.59495,0.62711,0.62009,0.61884
0.25432,0.39745,0.48795,0.53833,0.54254,0.50949,0.44646,0.39206,0.3366,0.30152,0.28336,0.26757,0.25556,0.24262,0.23399,0.22997,0.23761,0.26449,0.29224,0.30469,0.29535,0.27203,0.24891,0.23263,0.2271,0.22224,0.21056,0.20394,0.19254,0.18656,0.20536
0.22287,0.27082,0.29594,0.30144,0.28792,0.26639,0.24686,0.23722,0.23734,0.2458,0.25242,0.2481,0.23523,0.21863,0.20647,0.19838,0.19646,0.19825,0.19744,0.19469,0.19279,0.18409,0.17479,0.17487,0.1952,0.24574,0.32668,0.41733,0.53176,0.55416,0.58195
0.24624,0.3223,0.36997,0.39221,0.38533,0.36064,0.33604,0.33441,0.37339,0.45156,0.53721,0.59609,0.61258,0.60244,0.5874,0.57159,0.55778,0.54646,0.53311,0.52075,0.51145,0.50205,0.49508,0.49457,0.50724,0.5333,0.56384,0.59385,0.61656,0.60581,0.60816
0.13692,0.13873,0.13499,0.12476,0.10999,0.097457,0.088699,0.08458,0.084972,0.087112,0.085804,0.079065,0.070838,0.062945,0.056535,0.051313,0.047632,0.044662,0.042641,0.041432,0.039087,0.035528,0.032218,0.031046,0.037277,0.057229,0.096039,0.1524,0.26432,0.33373,0.42603
0.24165,0.31022,0.35365,0.3734,0.36559,0.34087,0.31606,0.31492,0.35787,0.44452,0.54213,0.61371,0.6417,0.64153,0.63459,0.62778,0.62408,0.62742,0.62898,0.62681,0.62322,0.62067,0.61908,0.61846,0.6216,0.62634,0.62694,0.6301,0.62837,0.61862,0.62438
0.076198,0.068541,0.06162,0.053845,0.045626,0.040556,0.037878,0.038459,0.043715,0.049879,0.051647,0.048629,0.044061,0.039783,0.035755,0.032236,0.029683,0.028186,0.028273,0.028558,0.026365,0.025199,0.024911,0.024422,0.026284,0.033003,0.047355,0.074949,0.15028,0.21546,0.30603
0.17522,0.18878,0.19375,0.18864,0.17387,0.15822,0.1498,0.15204,0.17184,0.2027,0.22856,0.23727,0.22983,0.21651,0.20654,0.2012,0.20204,0.20796,0.21202,0.21314,0.21344,0.20521,0.19659,0.19711,0.216,0.26507,0.34542,0.43401,0.5465,0.56868,0.59067
0.27821,0.41051,0.49706,0.55034,0.56452,0.54745,0.51424,0.49942,0.50705,0.5409,0.57779,0.59315,0.58245,0.55355,0.52171,0.48736,0.4548,0.42774,0.40088,0.3732,0.34151,0.31012,0.28565,0.26925,0.2626,0.25748,0.24521,0.23837,0.22709,0.22055,0.2436
0.16219,0.16522,0.16366,0.15475,0.13904,0.12448,0.11724,0.11945,0.13811,0.16689,0.19057,0.198,0.19096,0.17975,0.17198,0.16888,0.172,0.18115,0.18937,0.1941,0.19635,0.18863,0.1801,0.18056,0.19907,0.24807,0.32934,0.41936,0.53665,0.56336,0.58939
0.08195,0.066497,0.056504,0.04795,0.039854,0.035208,0.03253,0.034605,0.048207,0.069977,0.089435,0.098463,0.097248,0.094518,0.0938,0.097352,0.10919,0.14271,0.19745,0.26341,0.32458,0.3576,0.36708,0.37565,0.39507,0.43626,0.49735,0.55669,0.61761,0.61953,0.61466
0.23072,0.30035,0.33892,0.35234,0.34052,0.3155,0.28786,0.26929,0.25622,0.2519,0.24999,0.24197,0.22964,0.2144,0.20398,0.19811,0.2003,0.20883,0.21501,0.21731,0.21816,0.21038,0.20071,0.20065,0.22233,0.27398,0.35416,0.44299,0.54997,0.56577,0.58831
0.086543,0.078679,0.070743,0.060875,0.051322,0.04406,0.040536,0.039439,0.041666,0.04564,0.047758,0.046428,0.043142,0.040711,0.039851,0.040532,0.042773,0.050196,0.059752,0.066251,0.065421,0.058307,0.051527,0.046655,0.043605,0.041106,0.038495,0.036666,0.03655,0.038358,0.040028
0.26738,0.34767,0.39809,0.42216,0.41617,0.39112,0.36459,0.36116,0.39699,0.47035,0.54923,0.60098,0.61295,0.6006,0.58421,0.56723,0.55237,0.54132,0.5283,0.5145,0.50115,0.48819,0.47897,0.47578,0.48372,0.5008,0.51805,0.53571,0.54733,0.53908,0.54756
0.12258,0.11366,0.10509,0.092738,0.077739,0.06485,0.059583,0.062822,0.094617,0.16411,0.25949,0.34763,0.3968,0.41488,0.41939,0.42279,0.43089,0.45418,0.48281,0.50454,0.51405,0.51587,0.51651,0.51698,0.51968,0.52279,0.52408,0.52696,0.5298,0.52637,0.52666
0.14481,0.1382,0.13064,0.11913,0.10578,0.094826,0.087747,0.087885,0.099495,0.11763,0.13012,0.13147,0.12582,0.12081,0.11868,0.1214,0.13231,0.16692,0.21578,0.25887,0.27722,0.26825,0.25087,0.23685,0.2277,0.2198,0.20972,0.20157,0.1967,0.20226,0.21378
0.29044,0.48621,0.61788,0.70454,0.73293,0.71124,0.6518,0.60627,0.56752,0.55363,0.55438,0.5512,0.54472,0.53051,0.51884,0.51172,0.51718,0.53907,0.559,0.56671,0.56312,0.55348,0.54062,0.53156,0.53191,0.53331,0.52568,0.52231,0.50525,0.49071,0.51045
0.2384,0.32377,0.37641,0.40466,0.40624,0.38969,0.36684,0.35599,0.35632,0.36707,0.37302,0.36114,0.33282,0.29522,0.26115,0.22918,0.20216,0.17874,0.15614,0.13969,0.13051,0.12115,0.11242,0.1112,0.12594,0.16042,0.21002,0.26405,0.32474,0.33072,0.35053
0.12266,0.11937,0.11167,0.098092,0.081571,0.068912,0.061807,0.057739,0.056568,0.057109,0.056913,0.053169,0.04868,0.045323,0.043841,0.044513,0.048861,0.058698,0.071334,0.083046,0.091058,0.088949,0.083224,0.082576,0.094948,0.13069,0.19517,0.27322,0.38929,0.42924,0.47329
0.095885,0.083194,0.073593,0.063299,0.052192,0.044634,0.04234,0.0458,0.062734,0.089255,0.1137,0.12622,0.12563,0.12132,0.11882,0.12096,0.13176,0.15921,0.19558,0.2303,0.25574,0.26116,0.25767,0.26007,0.27766,0.31941,0.38292,0.44641,0.51577,0.52069,0.51919
0.19733,0.24185,0.25752,0.24679,0.21534,0.178,0.14269,0.11439,0.087853,0.071273,0.064243,0.058883,0.054281,0.048836,0.046431,0.046126,0.050961,0.063784,0.080399,0.097057,0.10917,0.10822,0.10132,0.1003,0.11704,0.15828,0.22662,0.308,0.41959,0.44697,0.48037
0.15552,0.15067,0.1429,0.12954,0.11275,0.09877,0.089575,0.087319,0.095053,0.10879,0.11862,0.11964,0.11406,0.10896,0.10755,0.11081,0.12253,0.15885,0.21864,0.28953,0.35179,0.38462,0.39312,0.39893,0.41281,0.43946,0.47431,0.50586,0.53247,0.52922,0.52415
0.11338,0.10207,0.093291,0.082401,0.069113,0.058408,0.054794,0.059156,0.084231,0.12811,0.17566,0.20833,0.21697,0.21342,0.20869,0.20724,0.21207,0.22606,0.2414,0.25229,0.2572,0.25011,0.24253,0.24364,0.26118,0.304,0.37004,0.4368,0.51136,0.51672,0.51532
0.050906,0.042997,0.036237,0.029308,0.02289,0.019488,0.018252,0.019046,0.033527,0.071758,0.13205,0.19371,0.23289,0.25114,0.25789,0.26456,0.28034,0.3249,0.38888,0.45127,0.49557,0.51787,0.52454,0.52702,0.53111,0.53536,0.53713,0.53951,0.53861,0.5338,0.5335
0.26125,0.32488,0.35575,0.35881,0.33713,0.30552,0.27899,0.26484,0.26127,0.26805,0.27524,0.27308,0.26104,0.24297,0.22995,0.22158,0.2207,0.22596,0.22869,0.22826,0.22652,0.21722,0.20749,0.20732,0.22816,0.27461,0.34227,0.41406,0.49237,0.49489,0.50131
0.07535,0.066525,0.058035,0.048032,0.037917,0.031803,0.028563,0.026547,0.026158,0.026675,0.02703,0.025009,0.022807,0.02206,0.022295,0.02324,0.02569,0.032373,0.047459,0.0705,0.095154,0.10622,0.10654,0.10925,0.12328,0.16115,0.22847,0.30665,0.41637,0.44918,0.48199
0.044855,0.046518,0.041113,0.031093,0.021103,0.015557,0.018286,0.017982,0.025279,0.062704,0.14529,0.24759,0.32339,0.36378,0.38048,0.38488,0.38502,0.38758,0.39588,0.40334,0.40274,0.39551,0.38985,0.39036,0.4058,0.43321,0.46666,0.49981,0.52905,0.52237,0.51835
0.31491,0.438,0.51023,0.54297,0.53543,0.50339,0.46838,0.45338,0.46019,0.49133,0.53,0.55684,0.56364,0.55269,0.54077,0.53062,0.52626,0.52893,0.52859,0.52455,0.52012,0.51782,0.51476,0.51313,0.51898,0.52569,0.52526,0.52859,0.52274,0.50935,0.5189
0.14458,0.14833,0.14529,0.1346,0.11868,0.1048,0.095815,0.092269,0.094536,0.099455,0.10072,0.09504,0.085914,0.076224,0.068248,0.061637,0.056738,0.052785,0.049442,0.04699,0.04414,0.039621,0.035502,0.034366,0.041777,0.064598,0.10771,0.16701,0.27588,0.33563,0.41366
0.12197,0.15101,0.1702,0.18193,0.1834,0.17561,0.15526,0.13417,0.10783,0.085168,0.068162,0.054159,0.044769,0.037092,0.030258,0.023968,0.019819,0.018223,0.018378,0.018448,0.016133,0.015391,0.015233,0.014694,0.016483,0.021058,0.029779,0.049181,0.1048,0.15659,0.23398
0.19279,0.2004,0.20084,0.19059,0.1707,0.15022,0.13983,0.14339,0.17397,0.22611,0.27769,0.3076,0.30853,0.29545,0.28311,0.27421,0.27014,0.27084,0.26973,0.26654,0.26279,0.25244,0.24433,0.24548,0.26379,0.30722,0.37265,0.43933,0.51326,0.5171,0.51724
0.1244,0.12019,0.11309,0.10116,0.086385,0.07528,0.070253,0.070215,0.077395,0.087798,0.094565,0.093197,0.086846,0.079684,0.074243,0.070926,0.070191,0.071205,0.072042,0.072086,0.071213,0.065832,0.060237,0.059257,0.069046,0.099676,0.15724,0.23043,0.34945,0.40063,0.4617
0.14026,0.13895,0.13528,0.1267,0.11496,0.10359,0.097802,0.099914,0.11528,0.13839,0.15557,0.15891,0.15015,0.13819,0.1287,0.12195,0.11731,0.11695,0.11517,0.10835,0.095166,0.079517,0.068962,0.062071,0.057441,0.0536,0.049382,0.046695,0.047146,0.049641,0.054132
0.28624,0.40634,0.48263,0.52497,0.52756,0.50246,0.46727,0.45099,0.45743,0.48854,0.52308,0.54054,0.5372,0.51999,0.50483,0.49318,0.48954,0.49342,0.49366,0.4893,0.48419,0.47668,0.46912,0.46863,0.48409,0.51411,0.54781,0.58068,0.60173,0.58847,0.59321
0.26615,0.33813,0.38322,0.40436,0.39765,0.37394,0.34828,0.34356,0.37213,0.43042,0.48991,0.52593,0.53369,0.52578,0.51861,0.51792,0.5284,0.55771,0.58781,0.60763,0.61733,0.62028,0.6194,0.61876,0.62219,0.62727,0.62777,0.6303,0.6265,0.61719,0.62321
0.056052,0.04736,0.04037,0.033609,0.027997,0.02515,0.025183,0.026244,0.029237,0.032524,0.034283,0.033554,0.031741,0.030555,0.030171,0.030684,0.032098,0.034867,0.038514,0.041914,0.044042,0.042575,0.040261,0.039931,0.044033,0.0568,0.080284,0.10847,0.15126,0.16754,0.18482
0.16074,0.15495,0.15055,0.14162,0.12688,0.11203,0.10304,0.10864,0.15057,0.22828,0.31652,0.384,0.41318,0.41975,0.42018,0.42528,0.44113,0.48335,0.53591,0.58021,0.60723,0.61783,0.6203,0.62098,0.62277,0.62575,0.6268,0.6286,0.62923,0.62559,0.62652
0.25699,0.37993,0.45814,0.50348,0.51103,0.48801,0.44324,0.40678,0.37049,0.34785,0.33455,0.32011,0.30652,0.29043,0.27802,0.26934,0.26928,0.28113,0.29016,0.286,0.26622,0.23924,0.21647,0.20103,0.19511,0.18989,0.17866,0.17216,0.16164,0.15729,0.17566
0.26204,0.33267,0.37704,0.39768,0.39062,0.36668,0.34142,0.3375,0.36849,0.43091,0.49537,0.53557,0.54499,0.53711,0.52923,0.52676,0.53372,0.55574,0.57701,0.5894,0.59433,0.59442,0.59253,0.5922,0.59761,0.60704,0.61384,0.62192,0.62346,0.61397,0.61873
0.1054,0.095048,0.084557,0.07213,0.059649,0.050795,0.045869,0.044878,0.047675,0.050693,0.050704,0.048637,0.045739,0.043519,0.043625,0.04684,0.052833,0.07327,0.12159,0.20794,0.32738,0.44914,0.5279,0.57443,0.59915,0.61323,0.62199,0.62812,0.62903,0.62559,0.62135
0.1374,0.13748,0.13542,0.1286,0.11839,0.10796,0.10297,0.1073,0.1285,0.16008,0.18474,0.19116,0.17986,0.16235,0.14636,0.13221,0.11924,0.1098,0.10001,0.088826,0.075352,0.062171,0.054106,0.048881,0.045039,0.041914,0.038592,0.036826,0.038262,0.040059,0.044353
0.10657,0.093516,0.082806,0.071102,0.059087,0.05145,0.048066,0.049035,0.05844,0.072517,0.083201,0.085092,0.080534,0.076589,0.07561,0.078653,0.089031,0.1172,0.16232,0.21566,0.26361,0.28502,0.28751,0.29256,0.3122,0.35837,0.43069,0.50496,0.58953,0.59955,0.603
0.24092,0.32863,0.38612,0.42262,0.43452,0.42649,0.40979,0.40607,0.41718,0.44044,0.45635,0.44979,0.42147,0.38058,0.34074,0.30183,0.267,0.23924,0.21352,0.19053,0.16817,0.14779,0.13239,0.12274,0.12033,0.12075,0.11756,0.11716,0.11356,0.11026,0.12759
0.054101,0.04377,0.037151,0.031696,0.026302,0.024206,0.023609,0.025412,0.034314,0.04835,0.061452,0.067084,0.066368,0.064212,0.062411,0.063099,0.069138,0.083881,0.10416,0.12422,0.13946,0.14035,0.1349,0.13513,0.14959,0.19126,0.26482,0.35018,0.47228,0.51224,0.55535
0.077374,0.069843,0.062152,0.052846,0.042892,0.036979,0.03369,0.032083,0.032487,0.033464,0.033437,0.031492,0.030226,0.030032,0.029884,0.030022,0.031573,0.035147,0.042592,0.052069,0.059133,0.058957,0.055207,0.054527,0.063762,0.091824,0.14404,0.21222,0.33163,0.39443,0.47364
0.29182,0.46381,0.57938,0.65506,0.67991,0.66199,0.61618,0.58746,0.57485,0.58918,0.61394,0.62761,0.62729,0.6133,0.5983,0.58345,0.57397,0.57096,0.56492,0.55297,0.53595,0.51757,0.50046,0.48879,0.48643,0.48537,0.47573,0.47069,0.45508,0.44391,0.46614
0.27322,0.40373,0.48878,0.539,0.54679,0.52333,0.485,0.46655,0.47239,0.50561,0.54371,0.56512,0.56761,0.55679,0.54741,0.54325,0.55001,0.57194,0.59199,0.6025,0.60642,0.60722,0.60442,0.60265,0.60706,0.6131,0.61254,0.61471,0.60596,0.59219,0.60222
0.17298,0.1848,0.19094,0.18897,0.1793,0.16642,0.15882,0.16546,0.19907,0.2521,0.29902,0.32017,0.31247,0.29184,0.27072,0.2507,0.23179,0.21761,0.20308,0.18582,0.16295,0.13857,0.12202,0.11108,0.10362,0.097338,0.089709,0.084854,0.084416,0.087247,0.097564
0.252,0.31411,0.35288,0.36991,0.36242,0.33987,0.31646,0.31393,0.3464,0.41,0.47457,0.5133,0.51989,0.50884,0.49662,0.48753,0.48431,0.49253,0.49925,0.4954,0.47732,0.4516,0.43095,0.41682,0.4093,0.40271,0.39076,0.38298,0.37613,0.37595,0.39405
0.21029,0.22756,0.23569,0.23293,0.2191,0.20197,0.18663,0.18495,0.20473,0.23963,0.26881,0.27993,0.27629,0.26922,0.26593,0.27086,0.28988,0.34463,0.42251,0.50222,0.56453,0.59727,0.60576,0.60798,0.61085,0.61492,0.61617,0.61774,0.61453,0.60963,0.61211
0.16152,0.16144,0.1572,0.14639,0.13036,0.11675,0.11015,0.11128,0.12459,0.14416,0.15807,0.15865,0.14934,0.13788,0.12946,0.12439,0.12329,0.12475,0.12534,0.12478,0.12376,0.11623,0.10869,0.10846,0.12368,0.16649,0.24114,0.32935,0.45922,0.50491,0.55728
0.21563,0.27194,0.29744,0.29549,0.26992,0.23296,0.19045,0.15578,0.12298,0.10271,0.09254,0.08483,0.078738,0.073201,0.071446,0.072561,0.081577,0.11331,0.16414,0.22043,0.2617,0.2756,0.2717,0.26802,0.2748,0.28757,0.29954,0.31165,0.32052,0.3188,0.32785
0.097091,0.086814,0.078512,0.069129,0.058752,0.051726,0.047958,0.05024,0.063656,0.082393,0.094559,0.094197,0.084851,0.073281,0.062452,0.053117,0.045631,0.04045,0.037362,0.035781,0.033262,0.030569,0.028597,0.027625,0.030886,0.04475,0.074337,0.12032,0.22152,0.29174,0.38551
0.2268,0.26261,0.2826,0.28685,0.27412,0.25407,0.23658,0.23484,0.25779,0.29935,0.3366,0.35404,0.35219,0.34301,0.33751,0.34046,0.35804,0.40415,0.46039,0.5084,0.53958,0.55082,0.55072,0.55156,0.56059,0.57785,0.59626,0.61356,0.62411,0.61664,0.6169
0.13118,0.11742,0.10704,0.095744,0.083923,0.075247,0.06845,0.069894,0.085589,0.10923,0.12673,0.13164,0.12773,0.12387,0.12317,0.12836,0.14212,0.18672,0.26624,0.37086,0.47759,0.55657,0.59419,0.61271,0.62081,0.62549,0.62835,0.63045,0.6288,0.62606,0.62411
0.15352,0.15444,0.15394,0.14786,0.13666,0.12409,0.11806,0.12731,0.17021,0.24,0.30596,0.33946,0.33022,0.29944,0.26545,0.23166,0.19889,0.17247,0.15008,0.13265,0.11598,0.10015,0.090439,0.084532,0.081312,0.080484,0.079801,0.080598,0.086203,0.089021,0.098066
0.2807,0.4137,0.49815,0.54576,0.55021,0.52402,0.48451,0.4625,0.45857,0.47719,0.50046,0.50965,0.50225,0.48283,0.46658,0.45439,0.45143,0.45648,0.45767,0.45404,0.44971,0.44177,0.43309,0.43262,0.45073,0.48664,0.52925,0.57125,0.60128,0.5874,0.59148
0.1754,0.18236,0.18334,0.17594,0.16084,0.14609,0.13803,0.14103,0.16302,0.1967,0.2236,0.23012,0.2179,0.19885,0.18191,0.16733,0.15538,0.14428,0.13284,0.12431,0.11953,0.11062,0.10259,0.10217,0.11738,0.16086,0.23662,0.32608,0.45699,0.50138,0.55377
0.27577,0.38224,0.4507,0.48941,0.49394,0.47346,0.44368,0.43398,0.45211,0.49812,0.54587,0.57066,0.56784,0.54756,0.52538,0.50278,0.48278,0.46849,0.45231,0.43119,0.40248,0.37155,0.34756,0.33148,0.3243,0.31852,0.30615,0.29878,0.28921,0.28562,0.30754
0.093034,0.085956,0.077213,0.065051,0.051616,0.042524,0.037404,0.034219,0.032671,0.032035,0.031747,0.029813,0.027656,0.026665,0.027241,0.028667,0.031539,0.040206,0.063421,0.10304,0.14886,0.17625,0.18429,0.192,0.21153,0.25745,0.33484,0.42124,0.53466,0.56249,0.58782
0.25049,0.32711,0.36975,0.3848,0.37187,0.34388,0.31269,0.29194,0.27821,0.27516,0.27506,0.26915,0.25853,0.24508,0.23751,0.23652,0.24779,0.27452,0.30278,0.32399,0.33666,0.33421,0.32612,0.32697,0.34989,0.39886,0.46691,0.53641,0.60551,0.60283,0.60572
0.24547,0.32421,0.37201,0.39603,0.3945,0.37658,0.35435,0.34504,0.34928,0.36501,0.3751,0.36546,0.33765,0.30033,0.26653,0.23485,0.2079,0.18447,0.16182,0.14539,0.13649,0.12735,0.11898,0.11839,0.13448,0.17235,0.228,0.28905,0.36052,0.3703,0.39329
0.28216,0.39499,0.46653,0.50551,0.50632,0.48096,0.44604,0.43024,0.43793,0.47006,0.50471,0.52231,0.52111,0.50798,0.4978,0.49378,0.50137,0.52421,0.5452,0.55669,0.56129,0.56055,0.55674,0.55636,0.56644,0.58421,0.60043,0.6172,0.6226,0.609,0.61392
0.13293,0.1285,0.1225,0.11235,0.098957,0.088708,0.084084,0.086965,0.10239,0.12359,0.13762,0.13717,0.126,0.1119,0.099385,0.08871,0.080088,0.072533,0.065869,0.061368,0.058128,0.052739,0.047873,0.047077,0.056206,0.085375,0.14032,0.21246,0.33909,0.4039,0.48622
0.13415,0.13299,0.12696,0.11348,0.097109,0.082459,0.077383,0.083039,0.12433,0.21455,0.33816,0.44888,0.50181,0.50825,0.49134,0.4619,0.42475,0.3897,0.36169,0.3378,0.30632,0.27336,0.2518,0.23741,0.22969,0.22139,0.2089,0.20148,0.20111,0.20385,0.21877
0.12732,0.12499,0.11706,0.10214,0.083417,0.068613,0.058643,0.051585,0.046522,0.04365,0.041805,0.038587,0.035979,0.034457,0.034014,0.034443,0.037195,0.044001,0.055711,0.069726,0.080663,0.08084,0.075932,0.075497,0.088727,0.1257,0.19166,0.27348,0.40357,0.45929,0.52645
0.10255,0.089646,0.080747,0.070902,0.059133,0.050399,0.047272,0.051838,0.075355,0.11349,0.15049,0.17066,0.17143,0.16455,0.15822,0.15556,0.15829,0.16673,0.17487,0.17979,0.18212,0.17452,0.16649,0.16687,0.18336,0.2299,0.31032,0.40047,0.52204,0.55284,0.58136
0.28767,0.41998,0.50604,0.55614,0.56301,0.53833,0.50086,0.48584,0.50142,0.55054,0.60744,0.64497,0.65559,0.64676,0.63615,0.62733,0.62434,0.62854,0.62936,0.62595,0.62265,0.6211,0.61818,0.6166,0.6212,0.62765,0.62768,0.63062,0.62271,0.60827,0.61835
0.18162,0.18774,0.18615,0.17446,0.15466,0.13574,0.12571,0.12549,0.14114,0.16745,0.19019,0.19825,0.19168,0.18032,0.17285,0.17049,0.17504,0.18769,0.20031,0.2089,0.21305,0.20542,0.19655,0.19669,0.21484,0.26026,0.33194,0.40765,0.49673,0.5072,0.51317
0.078773,0.072138,0.06471,0.055152,0.044659,0.03761,0.033146,0.030822,0.030667,0.03102,0.029706,0.02681,0.02492,0.024125,0.02333,0.022584,0.022603,0.023378,0.025681,0.027737,0.026693,0.02433,0.022239,0.021405,0.025894,0.039823,0.066757,0.10789,0.19768,0.26145,0.34724
0.18871,0.19877,0.19903,0.18792,0.16791,0.14844,0.13787,0.13666,0.14902,0.16993,0.18686,0.19056,0.18226,0.17037,0.16268,0.15982,0.16339,0.1737,0.1831,0.18861,0.19087,0.18308,0.17458,0.17489,0.19309,0.23858,0.3111,0.38908,0.48317,0.4964,0.50625
0.025101,0.020842,0.018069,0.016219,0.014245,0.014368,0.014021,0.014672,0.017188,0.019869,0.020793,0.020277,0.020423,0.020881,0.020252,0.019329,0.019534,0.02079,0.023753,0.026256,0.02565,0.024211,0.022732,0.02209,0.025695,0.037361,0.060108,0.096132,0.17896,0.24197,0.32864
0.28366,0.34428,0.37631,0.38174,0.36136,0.3294,0.30381,0.29947,0.3276,0.38407,0.44264,0.47965,0.48731,0.47764,0.46835,0.46405,0.46824,0.48619,0.50339,0.51295,0.51547,0.514,0.51173,0.51134,0.51763,0.52753,0.53452,0.54324,0.54754,0.53967,0.54453
0.066632,0.056625,0.049466,0.042202,0.034307,0.029252,0.02609,0.026952,0.037403,0.05512,0.071621,0.078977,0.077537,0.072658,0.066996,0.062086,0.058779,0.056737,0.05535,0.053919,0.051583,0.046713,0.042471,0.041553,0.048429,0.072401,0.11961,0.18251,0.29503,0.35364,0.42678
0.053063,0.045023,0.038879,0.033016,0.027094,0.024141,0.022324,0.022655,0.026912,0.032618,0.03577,0.035137,0.033349,0.031821,0.029952,0.028352,0.02791,0.028354,0.030004,0.031166,0.029696,0.027142,0.024991,0.024264,0.028622,0.043311,0.072338,0.11567,0.20825,0.27242,0.35823
0.21922,0.23939,0.24755,0.24044,0.21924,0.19413,0.17986,0.185,0.23128,0.31712,0.41313,0.48272,0.50368,0.49463,0.47808,0.45907,0.43926,0.41986,0.40039,0.3852,0.37421,0.36255,0.35565,0.35649,0.37177,0.40475,0.44922,0.49294,0.53637,0.53196,0.53023
0.20731,0.22692,0.2331,0.22455,0.20341,0.18052,0.16692,0.16601,0.18473,0.21746,0.24669,0.25799,0.25,0.2339,0.22134,0.21324,0.21077,0.2129,0.21289,0.21075,0.20821,0.19783,0.18822,0.18806,0.20629,0.25199,0.32421,0.40167,0.4937,0.5043,0.51271
0.032448,0.029186,0.026569,0.023968,0.020965,0.019199,0.017644,0.017606,0.019834,0.022691,0.023624,0.023013,0.022075,0.021151,0.019835,0.018391,0.017471,0.01715,0.017886,0.018328,0.01642,0.015945,0.01648,0.016553,0.017524,0.019138,0.021412,0.030294,0.067025,0.10847,0.16872
0.31375,0.43526,0.50684,0.53948,0.53215,0.50047,0.46602,0.45209,0.46134,0.49554,0.53648,0.56409,0.57048,0.5589,0.54643,0.53589,0.53125,0.53377,0.533,0.52827,0.52335,0.52106,0.51832,0.51696,0.52282,0.52961,0.52948,0.53313,0.5278,0.51443,0.52371
0.070299,0.062806,0.055785,0.047823,0.039511,0.034615,0.032439,0.032994,0.03734,0.042202,0.043514,0.041067,0.037632,0.034433,0.031329,0.028602,0.02676,0.025395,0.025237,0.025221,0.022994,0.020963,0.019682,0.019053,0.022242,0.032756,0.053786,0.088296,0.17028,0.23375,0.32039
0.18545,0.19279,0.19082,0.17804,0.15739,0.13814,0.12735,0.12436,0.13167,0.14539,0.15597,0.15613,0.14783,0.13773,0.13194,0.13089,0.1362,0.14893,0.16205,0.1717,0.17708,0.17056,0.16192,0.16167,0.17909,0.22396,0.2971,0.37709,0.4764,0.49313,0.50652
0.073825,0.067818,0.060618,0.050962,0.0402,0.03304,0.028331,0.025365,0.024041,0.023503,0.022489,0.020366,0.019422,0.019568,0.019541,0.019409,0.02019,0.022654,0.028477,0.035835,0.04067,0.040486,0.037831,0.037187,0.044266,0.065832,0.10662,0.16244,0.2668,0.32721,0.4053
0.3157,0.43481,0.50481,0.53651,0.52898,0.49756,0.46326,0.44883,0.45642,0.48796,0.52601,0.55142,0.5569,0.54544,0.53348,0.52382,0.52055,0.52542,0.52732,0.52464,0.52076,0.51876,0.51605,0.5147,0.52052,0.52727,0.52716,0.53071,0.52531,0.5122,0.52128
0.041578,0.035069,0.029835,0.024962,0.020184,0.018393,0.017554,0.018073,0.020611,0.023018,0.023224,0.021822,0.021241,0.021316,0.020682,0.019909,0.02014,0.021229,0.023879,0.02606,0.025118,0.02338,0.021818,0.021168,0.024979,0.037146,0.060885,0.098299,0.1838,0.24817,0.33603
0.22427,0.24858,0.25756,0.25023,0.22836,0.20334,0.18719,0.18504,0.20415,0.2389,0.27038,0.28452,0.27952,0.26666,0.2581,0.25616,0.26429,0.28667,0.3101,0.32628,0.33335,0.3276,0.32003,0.3204,0.33759,0.37503,0.42625,0.47622,0.52495,0.52192,0.51893
0.051454,0.045305,0.040118,0.034693,0.028835,0.025544,0.023006,0.022288,0.024303,0.027145,0.027915,0.026451,0.025187,0.024548,0.023462,0.022324,0.022047,0.022509,0.024401,0.025895,0.024371,0.022379,0.020883,0.0202,0.023635,0.034736,0.056503,0.091495,0.1735,0.2367,0.32317
0.24041,0.27283,0.28551,0.27913,0.25642,0.22981,0.21219,0.20735,0.21884,0.24195,0.26173,0.26728,0.2583,0.24333,0.23339,0.22938,0.23404,0.24855,0.26175,0.26911,0.27143,0.26423,0.25659,0.25772,0.27749,0.32082,0.38257,0.44527,0.51119,0.51186,0.51246
0.034647,0.029807,0.026009,0.022582,0.019154,0.017777,0.016985,0.017609,0.020259,0.022868,0.02319,0.022162,0.021465,0.02101,0.019946,0.018663,0.017955,0.017707,0.018698,0.0194,0.017415,0.0166,0.01667,0.016461,0.017912,0.021754,0.028997,0.045574,0.098538,0.15074,0.22514
0.31238,0.42869,0.4955,0.52342,0.51222,0.4782,0.44145,0.42332,0.42332,0.44366,0.46902,0.48368,0.48337,0.47002,0.45887,0.45316,0.45836,0.47859,0.4973,0.50728,0.51033,0.51042,0.50772,0.50636,0.51295,0.52089,0.52219,0.52684,0.52261,0.50997,0.51844
0.09733,0.090652,0.082548,0.071331,0.058662,0.049877,0.045175,0.043505,0.045511,0.048675,0.049383,0.046182,0.04234,0.039366,0.037204,0.036038,0.036512,0.038366,0.041055,0.042964,0.042398,0.038786,0.035062,0.034059,0.040872,0.062691,0.1048,0.16262,0.27003,0.33043,0.40758
0.23899,0.28607,0.3072,0.30546,0.2842,0.25668,0.23563,0.22611,0.22786,0.23857,0.24725,0.24401,0.22984,0.2101,0.19478,0.18324,0.17699,0.17364,0.16755,0.16094,0.15662,0.14745,0.13855,0.13821,0.15654,0.20169,0.27407,0.35596,0.45876,0.47568,0.49651
0.32398,0.46756,0.55354,0.5966,0.59492,0.56405,0.52545,0.50492,0.49989,0.51629,0.54232,0.56126,0.56558,0.55349,0.54074,0.5297,0.5252,0.52772,0.52683,0.52199,0.51715,0.51509,0.51176,0.50994,0.51634,0.52343,0.52265,0.52593,0.518,0.50276,0.51323
