0.072269,0.059563,0.052997,0.051153,0.052744,0.060558,0.078006,0.1026,0.14035,0.17432,0.19042,0.18939,0.17832,0.16555,0.15559,0.14908,0.1458,0.14526,0.14866,0.15735,0.16874,0.1735,0.17253,0.1739,0.18255,0.20716,0.24874,0.29734,0.37245,0.40776,0.45294
0.088328,0.093766,0.096436,0.096236,0.092367,0.08715,0.078877,0.071147,0.062493,0.055045,0.048934,0.04323,0.039753,0.037779,0.036654,0.036001,0.03618,0.037212,0.042382,0.052866,0.06591,0.075896,0.080464,0.084344,0.092944,0.11239,0.14563,0.18819,0.26279,0.30499,0.36062
0.088721,0.074185,0.066443,0.063912,0.066719,0.076496,0.10215,0.14478,0.22925,0.33908,0.44313,0.51946,0.55254,0.55815,0.54602,0.52207,0.49059,0.45949,0.42587,0.38307,0.33202,0.30322,0.29637,0.29035,0.27925,0.2501,0.19387,0.14351,0.11917,0.16409,0.25264
0.10827,0.10694,0.10552,0.10503,0.10577,0.10908,0.11558,0.12298,0.13224,0.14087,0.14785,0.15178,0.15084,0.14543,0.13747,0.12767,0.1167,0.10374,0.092661,0.08556,0.080898,0.07734,0.074841,0.074886,0.081534,0.099242,0.12941,0.16892,0.23979,0.28178,0.33948
0.4528,0.45235,0.45147,0.45129,0.45297,0.4551,0.46232,0.47072,0.47882,0.48489,0.49,0.49358,0.49404,0.49197,0.49026,0.48948,0.48735,0.48622,0.48901,0.49525,0.50193,0.504,0.50327,0.5042,0.51052,0.52525,0.54542,0.56571,0.5837,0.58763,0.59469
0.37795,0.37635,0.37455,0.37634,0.38277,0.39294,0.41137,0.43111,0.44823,0.45222,0.44186,0.42628,0.40822,0.38775,0.3679,0.34809,0.3278,0.30606,0.2857,0.26754,0.24901,0.23954,0.23768,0.23774,0.2417,0.24389,0.23533,0.22875,0.24597,0.30029,0.39079
0.357,0.36613,0.37236,0.37575,0.37443,0.36756,0.3536,0.33744,0.31442,0.29231,0.27508,0.26101,0.25274,0.24946,0.25185,0.26271,0.28437,0.3243,0.36944,0.40545,0.42822,0.43627,0.43722,0.43942,0.44824,0.468,0.49751,0.52824,0.56142,0.56878,0.57676
0.045625,0.050427,0.054621,0.058468,0.059532,0.058977,0.054063,0.048933,0.042732,0.037199,0.033317,0.030748,0.030628,0.031112,0.0317,0.033356,0.036406,0.040217,0.049716,0.071339,0.10837,0.15176,0.18204,0.20162,0.21677,0.23754,0.27033,0.31278,0.38739,0.42901,0.48371
0.44521,0.42906,0.4187,0.41661,0.42464,0.44133,0.4746,0.51293,0.55751,0.59013,0.60517,0.6124,0.61446,0.61238,0.6079,0.60281,0.59565,0.58827,0.5794,0.56417,0.54192,0.5301,0.52782,0.5249,0.51888,0.50074,0.46167,0.42521,0.40556,0.45026,0.53126
0.17555,0.16392,0.15558,0.15194,0.15425,0.16416,0.18484,0.20701,0.2288,0.23672,0.22832,0.21201,0.19489,0.17865,0.16538,0.15487,0.14644,0.13752,0.12998,0.12622,0.12556,0.12336,0.12019,0.12051,0.12901,0.15252,0.19219,0.24048,0.31898,0.36143,0.41698
0.5078,0.50131,0.49761,0.49636,0.49742,0.49848,0.50464,0.51006,0.51094,0.50608,0.5007,0.49881,0.50094,0.50471,0.51385,0.5306,0.55002,0.56778,0.579,0.58237,0.58237,0.58015,0.57889,0.57897,0.58042,0.58527,0.59202,0.59788,0.59851,0.60115,0.60329
0.15056,0.1431,0.13794,0.13858,0.14836,0.16727,0.20389,0.25172,0.32345,0.39727,0.44963,0.4719,0.46093,0.43117,0.39048,0.34051,0.28591,0.23733,0.1956,0.15793,0.12134,0.10094,0.094414,0.090122,0.086249,0.076576,0.054677,0.037726,0.035694,0.059441,0.11162
0.50998,0.50907,0.50809,0.50808,0.51034,0.51266,0.52035,0.52949,0.53886,0.54723,0.556,0.56422,0.56946,0.57174,0.57373,0.57645,0.57684,0.5776,0.581,0.58564,0.58924,0.58983,0.58902,0.58878,0.59094,0.59655,0.60252,0.60832,0.60815,0.60829,0.61214
0.37287,0.36753,0.36361,0.35742,0.34695,0.33252,0.31279,0.29129,0.26491,0.24279,0.22907,0.22164,0.22211,0.22916,0.24593,0.27939,0.33164,0.4107,0.49043,0.54709,0.57798,0.58844,0.59065,0.59138,0.59223,0.59394,0.59592,0.59695,0.59368,0.59424,0.59129
0.1173,0.1211,0.12187,0.12175,0.12277,0.12466,0.1288,0.13414,0.14155,0.15128,0.16266,0.17339,0.17926,0.18004,0.17425,0.16083,0.14097,0.11853,0.099303,0.083318,0.067627,0.059307,0.057075,0.055532,0.055188,0.051704,0.041602,0.034163,0.036695,0.054629,0.088747
0.081051,0.080963,0.081601,0.082248,0.080927,0.077826,0.068439,0.059236,0.049742,0.043359,0.039767,0.037409,0.037103,0.038981,0.042625,0.051305,0.068928,0.11195,0.18155,0.27261,0.37596,0.46988,0.52681,0.55997,0.57848,0.59032,0.59804,0.60286,0.60003,0.59421,0.58873
0.37237,0.36668,0.36248,0.3605,0.36215,0.36665,0.37905,0.39353,0.41142,0.42943,0.44787,0.4655,0.4779,0.48526,0.49008,0.49383,0.49486,0.49608,0.50135,0.50955,0.51728,0.52023,0.51997,0.52087,0.52641,0.5387,0.55442,0.57002,0.58225,0.58405,0.58909
0.35451,0.39395,0.42733,0.459,0.4814,0.48705,0.46801,0.4436,0.40663,0.37042,0.33845,0.30576,0.2791,0.25759,0.23861,0.22144,0.20748,0.20004,0.19666,0.19414,0.19203,0.19109,0.19039,0.19083,0.19572,0.21294,0.24659,0.29271,0.37211,0.41751,0.48233
0.16914,0.15908,0.15274,0.14988,0.15149,0.15772,0.17299,0.19024,0.21474,0.24639,0.2907,0.34707,0.4049,0.45768,0.49933,0.53058,0.54909,0.55377,0.55523,0.55437,0.55212,0.54955,0.54795,0.54836,0.55371,0.56422,0.57614,0.58803,0.59572,0.59402,0.5942
0.028708,0.027784,0.027452,0.02784,0.027952,0.029162,0.029956,0.030932,0.032223,0.032929,0.032802,0.032504,0.033207,0.034106,0.034408,0.035019,0.037326,0.041318,0.046261,0.049903,0.050949,0.050486,0.049551,0.04977,0.054222,0.066117,0.087039,0.11623,0.17458,0.214,0.2679
0.40976,0.40359,0.39827,0.3937,0.39184,0.39199,0.39878,0.40765,0.4192,0.43256,0.44933,0.46811,0.48515,0.4995,0.51122,0.52097,0.52599,0.52951,0.53638,0.54535,0.55333,0.55738,0.55838,0.55913,0.56222,0.56911,0.57754,0.58679,0.59334,0.59522,0.59999
0.21153,0.20109,0.19406,0.19401,0.20378,0.2235,0.26203,0.31023,0.37565,0.43333,0.46418,0.46979,0.45361,0.42616,0.39294,0.35469,0.31367,0.27531,0.23863,0.20154,0.16389,0.14338,0.13743,0.13315,0.12779,0.11398,0.084802,0.06082,0.0576,0.095754,0.16794
0.4754,0.47177,0.46851,0.46573,0.46497,0.46464,0.46919,0.47544,0.48245,0.48969,0.49847,0.50784,0.5159,0.52248,0.52884,0.53574,0.54023,0.54646,0.55726,0.57017,0.58117,0.58685,0.58838,0.58905,0.59101,0.59529,0.5992,0.60285,0.60082,0.60082,0.60386
0.52647,0.52889,0.52973,0.53065,0.53295,0.53437,0.53984,0.54527,0.54669,0.54341,0.53819,0.53157,0.52345,0.51413,0.507,0.50174,0.49486,0.48596,0.47795,0.47291,0.47051,0.46688,0.46396,0.46422,0.47091,0.48775,0.51233,0.53764,0.56252,0.56916,0.57858
0.039559,0.041151,0.04236,0.043137,0.042275,0.041301,0.037816,0.0345,0.031132,0.028594,0.026622,0.024762,0.024439,0.024999,0.025195,0.025538,0.027575,0.032652,0.041335,0.051117,0.058519,0.061752,0.061828,0.062591,0.068243,0.082985,0.10872,0.14324,0.20848,0.24959,0.30527
0.421,0.45757,0.48451,0.51021,0.53264,0.54609,0.55158,0.55704,0.55844,0.55698,0.55102,0.53906,0.52097,0.4966,0.46606,0.42847,0.38657,0.3462,0.30846,0.26991,0.22844,0.20437,0.19608,0.19006,0.1848,0.17112,0.1415,0.11894,0.12074,0.16952,0.26219
0.02619,0.023798,0.023261,0.023867,0.023636,0.024532,0.025335,0.026351,0.028163,0.029947,0.032775,0.038348,0.048424,0.06091,0.073429,0.086915,0.10206,0.11627,0.12824,0.13564,0.13942,0.1385,0.1362,0.13708,0.14594,0.16908,0.20842,0.2559,0.33215,0.36976,0.41683
0.084495,0.077983,0.073978,0.071165,0.067427,0.065423,0.064111,0.061749,0.058785,0.055979,0.05467,0.054917,0.058123,0.063677,0.073411,0.093604,0.12973,0.18561,0.23869,0.27012,0.28169,0.27974,0.27603,0.27706,0.2881,0.31466,0.35714,0.4046,0.46955,0.49174,0.51587
0.14353,0.13408,0.12861,0.12519,0.1212,0.11869,0.11598,0.11219,0.10763,0.10359,0.10147,0.10207,0.10729,0.1165,0.13249,0.16514,0.22265,0.31855,0.41922,0.49143,0.52965,0.54068,0.54067,0.54126,0.5468,0.55832,0.57314,0.58702,0.59797,0.59813,0.59666
0.29094,0.28498,0.28134,0.28014,0.28117,0.2844,0.29284,0.30189,0.31197,0.32062,0.32887,0.33732,0.34502,0.35171,0.35958,0.37257,0.39214,0.42267,0.4543,0.47627,0.48765,0.48983,0.48898,0.49019,0.49708,0.51223,0.53294,0.55376,0.57308,0.57583,0.57961
0.069745,0.070736,0.070537,0.069917,0.069426,0.069437,0.07064,0.073039,0.077631,0.083865,0.089611,0.092993,0.091638,0.086627,0.079383,0.070324,0.060706,0.052682,0.046979,0.042654,0.037906,0.03694,0.038357,0.039373,0.040804,0.040228,0.03512,0.031332,0.036758,0.054096,0.08399
0.22684,0.24983,0.26585,0.27504,0.27432,0.26322,0.23566,0.20721,0.17309,0.14508,0.12475,0.10644,0.094506,0.088255,0.085158,0.083935,0.084566,0.095002,0.12262,0.16855,0.22407,0.27025,0.2944,0.30795,0.31857,0.33698,0.3699,0.41218,0.47834,0.50753,0.54492
0.15753,0.15605,0.15369,0.15052,0.14707,0.14539,0.14603,0.14758,0.1496,0.15121,0.15239,0.1525,0.15168,0.14998,0.14786,0.14516,0.14181,0.13735,0.13564,0.13789,0.14151,0.14157,0.1396,0.14048,0.14982,0.17385,0.21402,0.26258,0.3395,0.37713,0.42568
0.24068,0.23496,0.23176,0.23116,0.23241,0.23567,0.24183,0.24817,0.25479,0.25981,0.26403,0.26851,0.27384,0.27983,0.28784,0.30282,0.3285,0.37466,0.428,0.47161,0.49971,0.51153,0.51396,0.51609,0.52247,0.5353,0.55184,0.56804,0.58102,0.58151,0.58321
0.37115,0.35093,0.33809,0.33417,0.34137,0.35875,0.39411,0.43322,0.47723,0.50675,0.51618,0.51385,0.50575,0.49629,0.48822,0.48234,0.47745,0.47555,0.47538,0.47455,0.473,0.46918,0.46573,0.46616,0.47374,0.49247,0.51823,0.54417,0.57001,0.57683,0.58751
0.12222,0.1256,0.12821,0.13027,0.13011,0.12873,0.12274,0.11526,0.10448,0.093958,0.085599,0.078473,0.074838,0.074081,0.075141,0.080262,0.09354,0.12252,0.16051,0.19625,0.22268,0.23382,0.23511,0.23769,0.24898,0.27587,0.31932,0.36884,0.4378,0.463,0.49402
0.22524,0.1988,0.18384,0.17956,0.1863,0.20531,0.24589,0.29604,0.36398,0.42155,0.45171,0.45947,0.45188,0.43959,0.42994,0.42473,0.42223,0.42344,0.42937,0.44074,0.455,0.46161,0.46139,0.46318,0.4707,0.4905,0.51903,0.54697,0.5757,0.5827,0.59243
0.35276,0.36709,0.37927,0.38859,0.39224,0.3845,0.35268,0.31771,0.27402,0.2378,0.20989,0.18314,0.16597,0.16067,0.1574,0.15398,0.15489,0.19007,0.26476,0.35986,0.44513,0.49671,0.51442,0.52096,0.52542,0.53398,0.54742,0.56283,0.57738,0.57884,0.58352
0.36128,0.35015,0.34259,0.33977,0.34364,0.35324,0.37532,0.39979,0.42914,0.45609,0.48049,0.50261,0.51745,0.52542,0.52943,0.53089,0.52764,0.51961,0.51158,0.50512,0.50042,0.49591,0.49301,0.4933,0.49967,0.5145,0.53421,0.55412,0.57204,0.57529,0.58188
0.084716,0.075779,0.070466,0.069994,0.075313,0.087003,0.11059,0.14053,0.1815,0.21577,0.2298,0.2256,0.20764,0.18422,0.16099,0.13834,0.11683,0.097974,0.081147,0.06725,0.055651,0.049767,0.047914,0.046996,0.046379,0.044429,0.037472,0.031314,0.032727,0.048691,0.078479
0.31424,0.33679,0.3521,0.3651,0.37456,0.37828,0.37699,0.37478,0.36546,0.34993,0.32947,0.30718,0.28497,0.26155,0.23899,0.21629,0.19412,0.17309,0.15422,0.13755,0.12064,0.11233,0.11062,0.10978,0.11089,0.10857,0.096739,0.08793,0.099107,0.14231,0.21711
0.15716,0.13022,0.11698,0.11359,0.11848,0.13349,0.17021,0.22336,0.31415,0.41573,0.49829,0.54994,0.56718,0.56763,0.56383,0.56077,0.5574,0.5552,0.55258,0.54967,0.54817,0.54617,0.5447,0.54525,0.54808,0.55714,0.56825,0.57846,0.58663,0.5866,0.59062
0.29719,0.27917,0.26732,0.26325,0.26897,0.28482,0.31791,0.3541,0.39353,0.4172,0.42032,0.41131,0.39614,0.37889,0.36419,0.35209,0.34042,0.32614,0.31228,0.30315,0.29959,0.295,0.29049,0.291,0.30099,0.3278,0.37017,0.41653,0.4767,0.49916,0.52723
0.064,0.049816,0.044143,0.043892,0.046426,0.053799,0.07401,0.11049,0.18862,0.29578,0.40444,0.49311,0.54247,0.56483,0.57101,0.56882,0.56159,0.55452,0.54502,0.5259,0.49619,0.4803,0.47841,0.47547,0.46728,0.44076,0.38463,0.32957,0.29259,0.33395,0.41735
0.16312,0.18132,0.19432,0.20103,0.19824,0.18553,0.15589,0.12727,0.097612,0.078498,0.068577,0.060252,0.055067,0.053916,0.055648,0.061084,0.072203,0.10827,0.17853,0.28036,0.39606,0.49409,0.54812,0.57704,0.59038,0.59682,0.60051,0.60324,0.59993,0.59499,0.59145
0.16723,0.15958,0.15462,0.15251,0.15381,0.15937,0.17178,0.18631,0.20683,0.23056,0.25775,0.28613,0.30939,0.32686,0.33906,0.34772,0.35312,0.35931,0.37346,0.39456,0.41625,0.42837,0.43141,0.43477,0.44472,0.46595,0.49634,0.52789,0.56191,0.56778,0.57594
0.086284,0.087131,0.087818,0.0886,0.088214,0.088196,0.086644,0.084372,0.080332,0.075274,0.0703,0.065749,0.063549,0.062822,0.063006,0.065723,0.073478,0.088067,0.10494,0.11813,0.12561,0.1265,0.12475,0.12567,0.13464,0.15745,0.19581,0.24265,0.31821,0.35585,0.4045
0.1491,0.17515,0.19757,0.22632,0.2593,0.29134,0.32614,0.36208,0.39693,0.41368,0.40416,0.37449,0.33261,0.28406,0.23459,0.18508,0.14031,0.10684,0.08087,0.060609,0.044934,0.038195,0.035411,0.033819,0.033177,0.031983,0.025969,0.022013,0.018901,0.02569,0.051689
0.096315,0.078383,0.070085,0.06845,0.071058,0.080821,0.10723,0.14989,0.22961,0.3241,0.40262,0.45129,0.46237,0.45316,0.43775,0.42032,0.40198,0.38295,0.36431,0.34748,0.33111,0.32156,0.31922,0.31996,0.32492,0.33092,0.32752,0.32255,0.33361,0.37053,0.43638
0.074903,0.069586,0.066462,0.065263,0.065685,0.069152,0.07591,0.08401,0.096678,0.11344,0.13565,0.16141,0.18558,0.20639,0.2222,0.23388,0.24205,0.25029,0.26795,0.29507,0.32434,0.34226,0.34792,0.35305,0.36532,0.39126,0.43016,0.47162,0.52164,0.53388,0.54863
0.24125,0.22451,0.21417,0.20914,0.21038,0.21753,0.23584,0.25682,0.28423,0.31274,0.34532,0.38562,0.42938,0.47221,0.50895,0.5399,0.56121,0.57087,0.5764,0.57828,0.57834,0.57741,0.57669,0.57705,0.57998,0.58609,0.59205,0.59726,0.59712,0.596,0.59577
0.12795,0.12954,0.13078,0.1321,0.13221,0.13225,0.13085,0.12834,0.12298,0.11581,0.10875,0.10245,0.098841,0.096811,0.096292,0.098754,0.10594,0.11808,0.13069,0.13917,0.14311,0.14189,0.13944,0.14033,0.14971,0.17385,0.21453,0.26353,0.34042,0.37721,0.42397
0.35932,0.36478,0.36734,0.36807,0.36732,0.3651,0.36305,0.36087,0.35465,0.3452,0.3344,0.32232,0.31086,0.30043,0.29316,0.28853,0.28528,0.28526,0.29169,0.30495,0.32019,0.32698,0.3271,0.32928,0.33991,0.36577,0.40651,0.4508,0.50587,0.52365,0.54537
0.049653,0.048446,0.04756,0.046871,0.045422,0.045193,0.043913,0.042734,0.041551,0.040223,0.038521,0.036401,0.035724,0.036185,0.036678,0.038291,0.043467,0.055156,0.072097,0.089393,0.10249,0.10768,0.10762,0.109,0.11761,0.13932,0.17599,0.22143,0.29712,0.33657,0.38815
0.26094,0.26725,0.27026,0.27143,0.27081,0.26892,0.26533,0.26016,0.24778,0.22935,0.20825,0.1872,0.17058,0.15717,0.14724,0.13973,0.13397,0.12916,0.12735,0.12965,0.13374,0.13423,0.13239,0.13326,0.14233,0.16628,0.20699,0.25622,0.33351,0.37254,0.42293
0.22524,0.22238,0.21926,0.21599,0.21339,0.21276,0.21563,0.21929,0.22321,0.22634,0.22935,0.23149,0.23218,0.2316,0.23069,0.22925,0.22656,0.22266,0.22235,0.22716,0.23412,0.23583,0.2342,0.23569,0.24644,0.27331,0.31686,0.36646,0.43584,0.46276,0.49591
0.10267,0.085312,0.077128,0.075533,0.078514,0.08882,0.11563,0.15933,0.24058,0.33524,0.40987,0.45016,0.45072,0.43062,0.40503,0.37874,0.3535,0.33163,0.31123,0.29247,0.27446,0.26709,0.26767,0.26853,0.26879,0.26449,0.2476,0.23275,0.24152,0.28641,0.36518
0.46841,0.46959,0.46901,0.4674,0.46626,0.46454,0.46674,0.47001,0.47221,0.47372,0.47611,0.47792,0.47769,0.47583,0.47475,0.47429,0.47172,0.46858,0.46815,0.4708,0.47437,0.47435,0.47291,0.47373,0.48068,0.49707,0.52039,0.54431,0.56757,0.57273,0.58026
0.14504,0.14354,0.1425,0.14241,0.1426,0.1445,0.14862,0.15261,0.15586,0.15677,0.15631,0.15511,0.15374,0.1516,0.15007,0.15055,0.15375,0.15757,0.15994,0.15963,0.1578,0.15366,0.15027,0.15095,0.16056,0.1855,0.22732,0.27744,0.35546,0.39256,0.43975
0.23413,0.2308,0.22968,0.23072,0.23249,0.23438,0.2339,0.23253,0.2284,0.22236,0.21609,0.21102,0.20996,0.21243,0.21841,0.23259,0.25945,0.31485,0.38831,0.46096,0.51946,0.55396,0.56682,0.5733,0.57959,0.58901,0.6,0.61017,0.61504,0.61367,0.61359
0.56552,0.56903,0.57106,0.57276,0.57511,0.57523,0.57804,0.58184,0.58394,0.5852,0.58761,0.58986,0.59075,0.59018,0.59064,0.59271,0.59288,0.59402,0.59749,0.60163,0.60443,0.6047,0.60398,0.60345,0.6044,0.60761,0.61026,0.61289,0.60908,0.60905,0.61304
0.051735,0.051073,0.05055,0.050193,0.0493,0.049233,0.048915,0.048978,0.049242,0.048952,0.047684,0.046003,0.045129,0.044481,0.043601,0.042981,0.043374,0.044054,0.04504,0.045293,0.043925,0.042389,0.041328,0.04139,0.045219,0.055506,0.073632,0.099663,0.15419,0.19342,0.2474
0.50187,0.51686,0.52743,0.53525,0.53937,0.53685,0.52825,0.51869,0.50197,0.4828,0.46422,0.44532,0.42975,0.41733,0.40969,0.40643,0.40515,0.41093,0.42615,0.4495,0.47478,0.491,0.49666,0.49978,0.50458,0.51657,0.53625,0.55859,0.58259,0.59013,0.60107
0.18056,0.17413,0.16859,0.16484,0.16429,0.16831,0.17899,0.19082,0.20404,0.21371,0.21893,0.22018,0.21691,0.21,0.20128,0.19063,0.17754,0.16026,0.14447,0.13395,0.12754,0.12218,0.11838,0.11835,0.12681,0.14947,0.18744,0.23434,0.31124,0.35169,0.40544
0.08395,0.081848,0.081192,0.081579,0.08167,0.082195,0.078752,0.075413,0.071515,0.067804,0.06411,0.060266,0.058544,0.059451,0.061942,0.068068,0.081608,0.11831,0.1817,0.2633,0.34582,0.40457,0.43108,0.4461,0.45965,0.48003,0.50828,0.53689,0.56665,0.57046,0.57485
0.1259,0.11931,0.11402,0.10982,0.10784,0.10971,0.11789,0.12739,0.14114,0.15924,0.1852,0.21788,0.25123,0.28153,0.30415,0.31766,0.32015,0.30781,0.29298,0.28127,0.27366,0.26676,0.26216,0.26277,0.27443,0.30284,0.34749,0.39799,0.46688,0.4905,0.51943
0.31181,0.30877,0.30479,0.30026,0.29698,0.29586,0.30033,0.30601,0.31275,0.31982,0.32808,0.33527,0.33859,0.33847,0.3366,0.33238,0.32403,0.31022,0.29749,0.28964,0.28574,0.2808,0.27686,0.27754,0.28841,0.31567,0.35901,0.40797,0.47441,0.4989,0.52944
0.29496,0.28335,0.27722,0.27522,0.27596,0.27966,0.29218,0.30579,0.32245,0.33876,0.35849,0.38402,0.4106,0.43461,0.46039,0.49343,0.5309,0.56694,0.59259,0.60325,0.60576,0.604,0.6028,0.60338,0.60604,0.61232,0.62028,0.62704,0.62869,0.62946,0.62882
0.32302,0.37162,0.41309,0.45334,0.48276,0.49314,0.47682,0.45477,0.41952,0.38364,0.35083,0.31648,0.28602,0.25787,0.23281,0.21091,0.19301,0.17842,0.16649,0.15855,0.15536,0.15558,0.15556,0.15619,0.16023,0.17552,0.20616,0.24949,0.32869,0.38019,0.45586
0.096993,0.09729,0.097445,0.097594,0.096529,0.09602,0.093879,0.09099,0.08631,0.080872,0.075782,0.071084,0.068916,0.068719,0.069821,0.074273,0.085513,0.10802,0.13587,0.16033,0.17707,0.18263,0.18207,0.18393,0.19501,0.22201,0.26621,0.31791,0.39473,0.42721,0.46798
0.47208,0.46799,0.46506,0.46512,0.4695,0.47612,0.48975,0.50324,0.51254,0.51206,0.50399,0.49293,0.48161,0.47049,0.46249,0.45751,0.4527,0.44841,0.44682,0.44887,0.45301,0.45334,0.4516,0.45258,0.46019,0.47904,0.50674,0.53507,0.56389,0.57204,0.58285
0.10745,0.10403,0.10152,0.10041,0.10066,0.10337,0.10519,0.10754,0.11078,0.11397,0.11571,0.11567,0.11752,0.12137,0.12226,0.12114,0.12224,0.13562,0.15942,0.18297,0.19846,0.20563,0.20678,0.20762,0.21399,0.2312,0.26178,0.30476,0.38363,0.42863,0.49085
0.55521,0.55874,0.56073,0.56263,0.5654,0.56629,0.56986,0.57372,0.57392,0.57041,0.56562,0.55997,0.55393,0.54762,0.54375,0.54234,0.53996,0.53873,0.54056,0.54486,0.54923,0.54992,0.54876,0.54879,0.55252,0.56221,0.57507,0.58779,0.59582,0.59816,0.60378
0.096966,0.089459,0.085526,0.084583,0.085381,0.0892,0.095786,0.10348,0.11551,0.13082,0.15005,0.17279,0.19638,0.21923,0.24006,0.26394,0.29557,0.34618,0.40681,0.46055,0.49907,0.51854,0.52434,0.52829,0.53636,0.55083,0.56861,0.58572,0.59963,0.59901,0.59979
0.067671,0.055312,0.048929,0.046987,0.049078,0.056543,0.076032,0.10872,0.17406,0.26113,0.34968,0.42618,0.47712,0.50945,0.52425,0.52518,0.51468,0.49731,0.47403,0.4383,0.39175,0.3656,0.35989,0.35436,0.3436,0.31293,0.25228,0.19583,0.16277,0.20848,0.29765
0.095923,0.090159,0.08713,0.086837,0.088063,0.092243,0.098734,0.10541,0.11396,0.1226,0.13147,0.14053,0.1495,0.15823,0.16691,0.18005,0.2027,0.2437,0.29252,0.33401,0.36198,0.37293,0.37404,0.37662,0.38749,0.41163,0.44757,0.48586,0.53131,0.54164,0.55401
0.057678,0.057837,0.054319,0.050246,0.050841,0.055526,0.065378,0.076993,0.094613,0.12162,0.16049,0.20712,0.25129,0.28839,0.30531,0.29796,0.2688,0.227,0.18929,0.15452,0.11832,0.097616,0.091031,0.086428,0.084074,0.075012,0.053699,0.037693,0.033888,0.051329,0.090898
0.41846,0.41396,0.41144,0.41115,0.41315,0.4159,0.42331,0.43157,0.43998,0.44683,0.45365,0.46111,0.46859,0.47544,0.48386,0.49734,0.51515,0.54169,0.56916,0.58829,0.59822,0.60138,0.60188,0.60223,0.60372,0.60705,0.60967,0.61208,0.60861,0.60786,0.60942
0.27425,0.27059,0.26592,0.26059,0.25658,0.25525,0.25966,0.26536,0.27261,0.28072,0.29031,0.29879,0.30296,0.30319,0.30087,0.29532,0.28501,0.2684,0.25277,0.24248,0.23656,0.23054,0.22621,0.22661,0.23739,0.26474,0.30891,0.35998,0.43296,0.46237,0.49959
0.58386,0.58737,0.58983,0.59162,0.59271,0.59011,0.58789,0.58531,0.57797,0.56882,0.562,0.55768,0.55633,0.55662,0.56115,0.57146,0.58379,0.59931,0.61356,0.62218,0.62572,0.62549,0.62481,0.62447,0.62511,0.62774,0.63024,0.63246,0.62853,0.62969,0.63317
0.38717,0.37446,0.36566,0.36075,0.36168,0.36734,0.38312,0.40144,0.42385,0.44497,0.46546,0.48687,0.50642,0.5233,0.53725,0.54946,0.55727,0.56417,0.57432,0.58525,0.59376,0.59796,0.59888,0.59924,0.60087,0.60416,0.60579,0.60696,0.60216,0.6016,0.6044
0.12909,0.1216,0.11751,0.11646,0.11747,0.12145,0.12738,0.13424,0.14408,0.15491,0.16609,0.17755,0.18903,0.20063,0.21228,0.22941,0.25761,0.31187,0.38135,0.44642,0.49506,0.52067,0.52847,0.53272,0.53971,0.55196,0.56679,0.58101,0.5912,0.5896,0.58953
0.32585,0.32164,0.31747,0.31332,0.3105,0.30948,0.31326,0.31831,0.32408,0.32951,0.33541,0.34083,0.34438,0.34648,0.34847,0.35028,0.35034,0.35042,0.35539,0.36565,0.37717,0.3818,0.38162,0.38359,0.3934,0.41645,0.45133,0.48849,0.53259,0.54534,0.56065
0.22244,0.22937,0.23225,0.23167,0.22774,0.2222,0.21484,0.2074,0.19651,0.18459,0.17306,0.1612,0.15105,0.1422,0.13545,0.13012,0.12584,0.12222,0.12176,0.12553,0.13075,0.13198,0.13056,0.13157,0.14075,0.16457,0.2051,0.25459,0.33364,0.37333,0.42471
0.05531,0.05481,0.054293,0.053488,0.051377,0.050045,0.048493,0.047582,0.046838,0.04547,0.043693,0.041761,0.040753,0.040183,0.0405,0.04182,0.043793,0.04612,0.056582,0.083013,0.12602,0.16983,0.19757,0.21656,0.23482,0.26385,0.30862,0.35957,0.4324,0.45978,0.49189
0.33404,0.35481,0.37188,0.38543,0.39147,0.38466,0.35296,0.31719,0.27177,0.23397,0.20549,0.17825,0.16063,0.15405,0.14914,0.14439,0.1447,0.17243,0.22571,0.28607,0.33413,0.35869,0.36446,0.36633,0.37205,0.38936,0.42115,0.46131,0.5195,0.54145,0.57125
0.11884,0.11003,0.10508,0.10356,0.10568,0.11175,0.1251,0.1399,0.16087,0.18845,0.22896,0.28305,0.34148,0.39693,0.44198,0.47686,0.49933,0.50751,0.51249,0.51541,0.517,0.51644,0.51523,0.51626,0.52328,0.53757,0.5556,0.57349,0.58841,0.58811,0.5888
0.29038,0.28205,0.27591,0.27418,0.27835,0.28846,0.30808,0.32753,0.34307,0.3443,0.33197,0.3138,0.29519,0.27691,0.26159,0.24876,0.23688,0.22321,0.2109,0.20358,0.20085,0.19696,0.19292,0.19326,0.20297,0.22914,0.27219,0.32206,0.39491,0.42896,0.47267
0.081744,0.080158,0.07888,0.076317,0.071496,0.066091,0.055138,0.045207,0.036482,0.032233,0.030801,0.028638,0.02716,0.028074,0.030276,0.034647,0.044209,0.074196,0.13166,0.21042,0.29157,0.34798,0.37228,0.38612,0.40029,0.42414,0.45954,0.49681,0.54106,0.55087,0.56154
0.060352,0.052088,0.047571,0.045397,0.046349,0.051409,0.066778,0.095363,0.15548,0.23376,0.30174,0.33872,0.33673,0.31414,0.2821,0.24345,0.20169,0.16568,0.13504,0.10835,0.083229,0.069154,0.065269,0.062808,0.059923,0.053623,0.040077,0.02968,0.030509,0.044603,0.076153
0.15426,0.14619,0.14108,0.13798,0.13618,0.1367,0.13783,0.1395,0.14252,0.1465,0.15145,0.15764,0.1663,0.17744,0.18982,0.2079,0.23671,0.29114,0.36091,0.42681,0.4768,0.5037,0.51251,0.51751,0.5253,0.53897,0.55632,0.57322,0.58731,0.5872,0.58768
0.21692,0.23102,0.24193,0.25774,0.27939,0.30392,0.33682,0.37264,0.41047,0.43361,0.434,0.41723,0.38824,0.35169,0.31144,0.26743,0.22302,0.18398,0.15002,0.12,0.092585,0.078337,0.073373,0.070148,0.067845,0.061604,0.045798,0.033897,0.032537,0.055126,0.10467
0.28403,0.27437,0.26911,0.26751,0.26919,0.27363,0.28369,0.29554,0.31052,0.325,0.34002,0.35676,0.37263,0.38643,0.40059,0.41835,0.43795,0.46373,0.49768,0.53596,0.57177,0.59468,0.60343,0.60746,0.60987,0.6131,0.61557,0.61676,0.61122,0.60994,0.60994
0.11116,0.11741,0.12067,0.12418,0.12942,0.13574,0.14525,0.1563,0.1707,0.18629,0.20023,0.20905,0.20775,0.19791,0.18176,0.1599,0.13474,0.1109,0.091345,0.075405,0.060281,0.052669,0.050747,0.049496,0.049363,0.046437,0.037252,0.030783,0.03347,0.049996,0.083428
0.052733,0.048882,0.046503,0.044801,0.042762,0.040992,0.036025,0.032454,0.030076,0.028905,0.027919,0.027053,0.026921,0.02762,0.029226,0.033329,0.040877,0.065647,0.12095,0.21384,0.33621,0.45606,0.53089,0.57412,0.59564,0.60665,0.61279,0.61661,0.61398,0.60881,0.60338
0.12972,0.10283,0.0895,0.088465,0.098709,0.12255,0.16908,0.2345,0.33662,0.43633,0.49805,0.52315,0.52472,0.51916,0.50922,0.49911,0.49133,0.49542,0.49984,0.49063,0.46732,0.45417,0.45032,0.44302,0.42587,0.39245,0.34002,0.3019,0.3075,0.37355,0.48582
0.14096,0.1927,0.24269,0.29997,0.35168,0.38261,0.38214,0.37084,0.3401,0.30082,0.26043,0.2199,0.18551,0.15417,0.12499,0.098868,0.078782,0.065993,0.055636,0.045824,0.038868,0.037206,0.036863,0.036456,0.033967,0.03173,0.029664,0.028404,0.025346,0.030809,0.048724
0.50213,0.50085,0.49977,0.50002,0.50287,0.50598,0.51474,0.52495,0.53573,0.54563,0.55605,0.56603,0.57289,0.57651,0.57928,0.58227,0.58259,0.58294,0.5855,0.58878,0.59093,0.59087,0.59005,0.58988,0.59209,0.59754,0.60302,0.60836,0.60784,0.60807,0.61243
0.21784,0.27296,0.32424,0.38047,0.42885,0.45501,0.4489,0.43337,0.4,0.36093,0.32179,0.28171,0.24617,0.21275,0.18141,0.15272,0.12934,0.1124,0.097927,0.084445,0.073459,0.070207,0.070233,0.069997,0.067798,0.06415,0.057362,0.052478,0.053922,0.074555,0.11702
0.45032,0.43843,0.43055,0.42827,0.43361,0.44485,0.46941,0.49603,0.52482,0.54572,0.55841,0.56645,0.56884,0.56677,0.56405,0.56161,0.55634,0.54756,0.53875,0.53183,0.52728,0.52281,0.51977,0.51993,0.52587,0.54039,0.55974,0.57898,0.59581,0.60078,0.60962
0.12239,0.11044,0.10166,0.097607,0.10173,0.11499,0.14552,0.18866,0.2612,0.34626,0.42074,0.47138,0.48863,0.48468,0.46405,0.42895,0.38395,0.33949,0.29772,0.25381,0.20604,0.17884,0.17105,0.16524,0.15806,0.13921,0.10114,0.069695,0.060469,0.09563,0.16703
0.092512,0.084628,0.080543,0.07745,0.073074,0.069188,0.062521,0.056419,0.051267,0.047786,0.045311,0.044199,0.048512,0.058693,0.072811,0.092487,0.11945,0.15995,0.21054,0.26101,0.3015,0.31949,0.32181,0.32433,0.33457,0.36012,0.40133,0.44552,0.50338,0.52329,0.54416
0.04634,0.046287,0.046197,0.046358,0.045974,0.046398,0.046294,0.046994,0.048592,0.050004,0.050189,0.049913,0.049803,0.04908,0.047194,0.044627,0.042354,0.040402,0.040287,0.041142,0.040676,0.041678,0.04286,0.043549,0.046032,0.05102,0.05889,0.074819,0.12236,0.16883,0.23639
0.4035,0.39502,0.38848,0.38358,0.38226,0.38351,0.39247,0.40348,0.41779,0.43439,0.45573,0.48102,0.50547,0.52707,0.5449,0.55962,0.56789,0.57142,0.57553,0.57943,0.58178,0.58221,0.58198,0.58202,0.58399,0.58827,0.59203,0.59598,0.59528,0.5954,0.59823
0.15271,0.13825,0.13009,0.12738,0.12895,0.13452,0.14016,0.14447,0.14544,0.13991,0.12984,0.12101,0.11867,0.12195,0.13028,0.14947,0.18488,0.25578,0.35059,0.44672,0.52572,0.57305,0.59047,0.59799,0.60192,0.60539,0.60745,0.60788,0.60119,0.59839,0.59592
0.12853,0.13399,0.13875,0.14817,0.16336,0.18321,0.21373,0.24944,0.29247,0.32359,0.32988,0.31453,0.28375,0.24593,0.20709,0.16761,0.13049,0.10152,0.078499,0.060478,0.045985,0.039252,0.036907,0.035582,0.035015,0.033499,0.027215,0.02289,0.022587,0.031691,0.056351
0.09396,0.089122,0.086826,0.086906,0.088005,0.091075,0.093215,0.095363,0.097891,0.099826,0.10094,0.10166,0.10381,0.10779,0.11307,0.12352,0.1445,0.19055,0.25554,0.32411,0.38275,0.4179,0.43082,0.43876,0.45018,0.47102,0.50035,0.53037,0.56239,0.56733,0.57356
0.44474,0.44475,0.44439,0.4487,0.45961,0.47457,0.49897,0.52644,0.55583,0.57621,0.58479,0.58869,0.58867,0.58317,0.57108,0.5533,0.53028,0.50552,0.47793,0.44171,0.3974,0.37414,0.36924,0.36354,0.35251,0.32274,0.26616,0.21806,0.20294,0.26863,0.38568
0.2991,0.29959,0.29856,0.29589,0.29214,0.28823,0.28506,0.28258,0.27825,0.27259,0.26647,0.25953,0.25334,0.24852,0.24631,0.2462,0.24702,0.25208,0.26672,0.2911,0.31777,0.33269,0.33642,0.3402,0.35119,0.37676,0.41714,0.46102,0.51635,0.5343,0.55528
0.10576,0.10195,0.098628,0.095427,0.092398,0.091679,0.093012,0.095336,0.099153,0.10335,0.10776,0.11193,0.11588,0.11933,0.12165,0.12279,0.12295,0.12215,0.12504,0.13234,0.14061,0.14377,0.14309,0.14466,0.15447,0.17906,0.2199,0.26891,0.34648,0.38424,0.43265
0.27811,0.29246,0.30266,0.31432,0.32718,0.33874,0.35114,0.36303,0.36916,0.3638,0.34707,0.32559,0.30277,0.27794,0.25307,0.22756,0.20234,0.17843,0.15649,0.13634,0.11638,0.10644,0.10395,0.10235,0.10169,0.096489,0.080896,0.068478,0.073826,0.11272,0.18185
0.15407,0.15278,0.15294,0.15204,0.14859,0.14098,0.12136,0.10224,0.082005,0.067798,0.058936,0.051213,0.047096,0.047635,0.049992,0.053437,0.057155,0.080432,0.14365,0.25161,0.38388,0.49957,0.56403,0.59793,0.61085,0.61424,0.61514,0.61567,0.61135,0.60728,0.60164
0.079204,0.061304,0.057548,0.0604,0.059394,0.05742,0.059398,0.062803,0.068891,0.068651,0.063656,0.065496,0.08089,0.10574,0.1531,0.23475,0.34374,0.45594,0.53788,0.58213,0.60867,0.61829,0.6206,0.62292,0.62126,0.62183,0.62755,0.62824,0.62272,0.62639,0.61597
0.22996,0.20153,0.18583,0.18125,0.18796,0.20708,0.24977,0.30454,0.38403,0.45905,0.5083,0.53221,0.53448,0.52793,0.52131,0.51744,0.51439,0.51269,0.51177,0.51221,0.51473,0.51477,0.51321,0.51403,0.51875,0.53198,0.54943,0.56575,0.57988,0.58249,0.5885
0.23824,0.23416,0.23042,0.22824,0.22898,0.23345,0.24476,0.25746,0.27311,0.2884,0.30258,0.31325,0.31691,0.31473,0.30897,0.30017,0.28838,0.27351,0.26035,0.25101,0.24465,0.23823,0.23375,0.23424,0.24532,0.27311,0.3173,0.36832,0.44051,0.46885,0.50617
0.35401,0.35353,0.35241,0.35294,0.35616,0.36151,0.3716,0.38051,0.38298,0.37444,0.35781,0.33821,0.31975,0.30224,0.28802,0.27632,0.26539,0.25313,0.24269,0.23726,0.23601,0.23278,0.22902,0.22954,0.23964,0.26644,0.31035,0.3607,0.43174,0.4629,0.50265
0.36663,0.34521,0.33236,0.32921,0.33761,0.35686,0.39693,0.44326,0.50027,0.54565,0.57044,0.58052,0.57919,0.57215,0.56523,0.56037,0.55477,0.54814,0.54157,0.53657,0.53479,0.53362,0.53241,0.53297,0.53664,0.54711,0.56139,0.57644,0.59038,0.59532,0.60478
0.1164,0.12024,0.12219,0.12298,0.12217,0.12088,0.11842,0.11585,0.11137,0.10543,0.098555,0.091123,0.084559,0.078136,0.072303,0.067168,0.062999,0.058592,0.054667,0.051605,0.048631,0.046427,0.0451,0.04512,0.049377,0.060997,0.081653,0.11088,0.16976,0.21076,0.26727
0.39607,0.38731,0.38142,0.37918,0.38231,0.38938,0.40675,0.42656,0.45139,0.47694,0.50403,0.53157,0.55334,0.5686,0.57925,0.58733,0.59048,0.59032,0.59039,0.58973,0.58799,0.58595,0.58474,0.58462,0.58707,0.59236,0.59692,0.60138,0.60028,0.5996,0.603
0.051403,0.053147,0.054389,0.055538,0.055848,0.055964,0.054751,0.053409,0.051016,0.047707,0.043819,0.040192,0.03781,0.035717,0.033602,0.031778,0.030732,0.029832,0.029347,0.028759,0.027225,0.026619,0.026561,0.026689,0.02859,0.033427,0.042022,0.056654,0.093655,0.12584,0.17162
0.20935,0.21557,0.21853,0.2181,0.21386,0.20742,0.19758,0.18796,0.1751,0.16175,0.1492,0.13693,0.12768,0.12136,0.11848,0.11804,0.11927,0.12529,0.14331,0.17588,0.21539,0.24362,0.25563,0.2642,0.27767,0.30546,0.35001,0.39957,0.46607,0.4894,0.51664
0.21561,0.23223,0.24493,0.26177,0.28331,0.30641,0.33586,0.36744,0.39924,0.41645,0.41234,0.39244,0.36207,0.32532,0.28576,0.24316,0.20079,0.16427,0.13305,0.10599,0.08169,0.069221,0.064815,0.062035,0.060387,0.055687,0.042716,0.033218,0.032577,0.0524,0.096934
0.50851,0.5077,0.50734,0.50751,0.50844,0.50778,0.50936,0.51122,0.51038,0.50771,0.50633,0.50672,0.50858,0.51089,0.51631,0.52638,0.5376,0.55192,0.56815,0.58321,0.59508,0.60093,0.60256,0.6032,0.60421,0.60706,0.6098,0.61198,0.60788,0.60839,0.61079
0.10945,0.10261,0.097963,0.094702,0.092701,0.093587,0.097077,0.10157,0.10819,0.11555,0.12436,0.1345,0.14513,0.15556,0.16465,0.17257,0.17917,0.18679,0.2029,0.22833,0.25683,0.27476,0.28083,0.28617,0.29816,0.32483,0.36734,0.41449,0.47742,0.49851,0.52284
0.09759,0.082231,0.073887,0.071042,0.073811,0.083428,0.10664,0.13741,0.1884,0.25146,0.32075,0.391,0.45116,0.50103,0.53861,0.56659,0.58385,0.59173,0.59776,0.60065,0.60065,0.59989,0.59925,0.59927,0.60144,0.60505,0.60564,0.60583,0.6005,0.59635,0.59645
0.28496,0.2612,0.24732,0.2439,0.25224,0.27311,0.31713,0.37068,0.44195,0.50273,0.53618,0.54598,0.53714,0.51996,0.50281,0.48782,0.47299,0.45726,0.44169,0.42968,0.42348,0.42086,0.41963,0.42056,0.42522,0.43877,0.45913,0.48362,0.5206,0.54198,0.57448
0.068209,0.065645,0.063536,0.061561,0.059272,0.05868,0.058572,0.059088,0.06026,0.061143,0.061435,0.061193,0.061571,0.062247,0.062628,0.062868,0.063521,0.064723,0.069888,0.079382,0.089992,0.096117,0.097567,0.099832,0.10826,0.12917,0.16495,0.20958,0.28483,0.32498,0.37701
0.3473,0.35782,0.36329,0.36454,0.36162,0.35504,0.34526,0.33505,0.31953,0.30268,0.28688,0.27097,0.25738,0.2461,0.23855,0.23368,0.23026,0.22957,0.23479,0.24671,0.26075,0.26696,0.26703,0.26919,0.28012,0.30715,0.35103,0.40045,0.46719,0.49244,0.52364
0.08217,0.072769,0.071259,0.07148,0.065589,0.057575,0.051315,0.046037,0.04275,0.038448,0.03449,0.034837,0.041307,0.051864,0.079992,0.13411,0.20824,0.27953,0.32656,0.35043,0.36786,0.37358,0.37446,0.37838,0.38595,0.40731,0.44666,0.48554,0.5335,0.55139,0.55835
0.16063,0.15519,0.15028,0.14565,0.14222,0.142,0.14645,0.15222,0.16057,0.1704,0.1824,0.19528,0.20669,0.21595,0.22229,0.2254,0.22471,0.21948,0.2164,0.21759,0.22084,0.22016,0.21759,0.21873,0.22987,0.25771,0.30293,0.35523,0.43079,0.46109,0.49874
0.3155,0.35291,0.38379,0.41785,0.45065,0.47456,0.48932,0.50137,0.50441,0.49542,0.47455,0.44609,0.41452,0.37917,0.34211,0.30371,0.26698,0.23526,0.2057,0.17608,0.14696,0.13285,0.12917,0.12609,0.12163,0.11005,0.086179,0.067356,0.064502,0.10023,0.17106
0.23217,0.23255,0.23272,0.23361,0.23476,0.23698,0.24218,0.24709,0.25041,0.25076,0.25002,0.24872,0.24677,0.24356,0.24158,0.24243,0.24617,0.25052,0.25288,0.25216,0.25015,0.24524,0.2412,0.24194,0.25253,0.27955,0.3236,0.37399,0.44479,0.473,0.50791
0.12286,0.11554,0.11149,0.11041,0.11148,0.11581,0.12397,0.1334,0.14745,0.16474,0.18587,0.20996,0.23362,0.25544,0.27458,0.29586,0.32339,0.36734,0.41994,0.46584,0.49767,0.51248,0.51601,0.51869,0.52603,0.54012,0.55788,0.57543,0.5901,0.58954,0.59048
0.26998,0.29514,0.31602,0.333,0.34068,0.3342,0.30164,0.26498,0.21932,0.18251,0.15633,0.13212,0.11677,0.11071,0.10585,0.10098,0.10017,0.11883,0.15501,0.19502,0.22573,0.2411,0.24452,0.24571,0.25109,0.26846,0.30202,0.34717,0.42332,0.46237,0.51558
0.21379,0.20905,0.20692,0.20749,0.20956,0.21288,0.21596,0.21854,0.21993,0.21951,0.21816,0.21713,0.21863,0.2226,0.22914,0.24332,0.27031,0.32485,0.39356,0.45613,0.50168,0.52515,0.53233,0.5363,0.54283,0.55454,0.569,0.58286,0.59247,0.59168,0.59233
0.11646,0.094181,0.08296,0.080794,0.085953,0.10108,0.13472,0.17897,0.24521,0.3075,0.34557,0.35974,0.35623,0.34717,0.341,0.34132,0.34828,0.36035,0.36952,0.37295,0.3742,0.37047,0.3662,0.36696,0.37589,0.40071,0.43933,0.48008,0.53091,0.54574,0.56358
0.058278,0.045155,0.04112,0.041713,0.043643,0.048389,0.059994,0.084401,0.1405,0.21763,0.29344,0.35044,0.37974,0.39379,0.40156,0.40842,0.41517,0.43152,0.46256,0.50564,0.55049,0.58213,0.59586,0.60246,0.60525,0.6085,0.61039,0.6111,0.60719,0.60305,0.60245
0.40492,0.41017,0.41199,0.41091,0.40779,0.40269,0.39775,0.39318,0.38527,0.37609,0.36714,0.35712,0.34744,0.33888,0.33327,0.32975,0.3265,0.32555,0.33015,0.34064,0.35275,0.35743,0.35697,0.35886,0.36921,0.39436,0.43371,0.47636,0.52842,0.54437,0.56351
0.088274,0.093815,0.097996,0.10015,0.098292,0.093415,0.081142,0.069106,0.056422,0.047798,0.043174,0.0392,0.036916,0.036632,0.037592,0.040175,0.045916,0.064102,0.10313,0.16404,0.23669,0.29697,0.32927,0.34911,0.36651,0.39258,0.4312,0.4732,0.52671,0.54175,0.55908
0.054737,0.042901,0.038159,0.037985,0.040174,0.046719,0.064719,0.09652,0.16524,0.26269,0.36798,0.46126,0.52099,0.55524,0.57194,0.57829,0.57742,0.5746,0.57096,0.55996,0.53904,0.52793,0.52711,0.52536,0.5205,0.50055,0.45406,0.40708,0.37159,0.40343,0.47154
0.11577,0.36853,0.57058,0.74584,0.8546,0.88002,0.81331,0.74957,0.68569,0.65786,0.65464,0.64586,0.63657,0.62353,0.60946,0.59606,0.59205,0.59656,0.59713,0.59122,0.58912,0.59138,0.58867,0.58699,0.58812,0.59405,0.5969,0.60026,0.57959,0.55721,0.57186
0.36249,0.36399,0.36411,0.36418,0.36509,0.36665,0.37234,0.37867,0.3838,0.38604,0.38627,0.38379,0.37805,0.36996,0.36269,0.35632,0.34942,0.34206,0.33749,0.33749,0.34034,0.33946,0.3369,0.33806,0.34842,0.37419,0.41453,0.45873,0.51384,0.53137,0.55346
0.14724,0.14487,0.14215,0.13911,0.13616,0.13523,0.13672,0.1391,0.14224,0.14509,0.14758,0.14903,0.14946,0.14885,0.1475,0.1453,0.14225,0.13789,0.1362,0.13841,0.14209,0.14237,0.14062,0.14168,0.15116,0.17544,0.21606,0.26514,0.34281,0.38055,0.42914
0.067248,0.067291,0.06747,0.068255,0.068758,0.070229,0.071692,0.073075,0.073831,0.072996,0.070924,0.068515,0.066854,0.064983,0.062928,0.061547,0.061723,0.062125,0.062391,0.06169,0.05975,0.057592,0.05602,0.056195,0.061314,0.075207,0.099728,0.1332,0.19777,0.23996,0.29722
0.1527,0.14528,0.13919,0.1353,0.13491,0.13985,0.15232,0.16668,0.18348,0.19538,0.19974,0.19813,0.19159,0.18176,0.17088,0.15899,0.14593,0.13011,0.11602,0.10677,0.10091,0.096068,0.092509,0.092243,0.099613,0.11988,0.1542,0.19807,0.27477,0.31947,0.37994
0.48824,0.47947,0.47362,0.47244,0.47772,0.48739,0.5078,0.52945,0.54981,0.55968,0.55963,0.55521,0.54887,0.54152,0.53627,0.5336,0.53044,0.52781,0.52769,0.53006,0.53329,0.53319,0.53138,0.5317,0.53708,0.55057,0.56876,0.58679,0.602,0.60728,0.61638
0.35022,0.33619,0.32567,0.3168,0.31162,0.31013,0.31685,0.32602,0.33948,0.35689,0.38231,0.41694,0.45651,0.49666,0.53203,0.56223,0.58292,0.59498,0.60657,0.61681,0.62413,0.62756,0.62858,0.6292,0.63152,0.63592,0.63955,0.64311,0.64241,0.64309,0.64512
0.031087,0.030809,0.030791,0.031406,0.031235,0.0328,0.033922,0.035325,0.037157,0.038079,0.037862,0.037239,0.037914,0.038547,0.038014,0.037475,0.038914,0.041124,0.043998,0.046049,0.046713,0.046861,0.046568,0.048078,0.056662,0.078728,0.11784,0.17106,0.27267,0.33612,0.42152
0.090973,0.076737,0.071261,0.070393,0.07017,0.071695,0.078421,0.087307,0.10091,0.11547,0.13657,0.17342,0.22721,0.28944,0.35332,0.42042,0.48426,0.53299,0.5662,0.58409,0.59611,0.6028,0.60597,0.60852,0.61031,0.61377,0.61798,0.61994,0.61665,0.61737,0.61338
0.44206,0.46403,0.48035,0.49405,0.50287,0.50384,0.49637,0.48702,0.46907,0.44718,0.42456,0.40034,0.37942,0.36117,0.34718,0.33708,0.32929,0.32547,0.32699,0.33458,0.34597,0.35334,0.35508,0.35677,0.36279,0.38118,0.41522,0.45801,0.52034,0.54776,0.58461
0.35792,0.34715,0.33996,0.33698,0.34005,0.34817,0.36784,0.39045,0.42003,0.45184,0.48674,0.52342,0.55417,0.57749,0.59413,0.60636,0.61211,0.61333,0.61471,0.6149,0.61325,0.61119,0.60989,0.60953,0.61172,0.61626,0.61945,0.62299,0.62171,0.62158,0.62632
0.086211,0.085636,0.086344,0.08815,0.08938,0.090196,0.085593,0.080785,0.074617,0.068626,0.063218,0.058319,0.056154,0.056683,0.058721,0.064407,0.077192,0.11355,0.17899,0.26754,0.36282,0.43768,0.47583,0.49726,0.51213,0.5296,0.55212,0.57485,0.59728,0.59937,0.60232
0.108,0.11004,0.11177,0.11681,0.12612,0.13924,0.16055,0.18469,0.21134,0.22681,0.22439,0.20926,0.18685,0.16145,0.13696,0.11345,0.092062,0.074832,0.060413,0.04903,0.040159,0.036151,0.034712,0.033942,0.033725,0.03283,0.02855,0.02539,0.025992,0.035441,0.056052
0.051704,0.049291,0.04774,0.047039,0.046083,0.047482,0.050635,0.05429,0.060049,0.067081,0.075691,0.085182,0.094848,0.10368,0.11119,0.12006,0.13358,0.15386,0.17577,0.19187,0.20047,0.20083,0.19831,0.1995,0.21086,0.23861,0.28355,0.33642,0.41585,0.44972,0.49287
0.35184,0.40592,0.44873,0.49245,0.53209,0.55808,0.56905,0.57759,0.57881,0.57463,0.56365,0.5434,0.51524,0.47927,0.43564,0.38433,0.33093,0.2843,0.24259,0.20103,0.15918,0.13771,0.13152,0.12661,0.1207,0.10618,0.077152,0.055917,0.053285,0.089999,0.16873
0.092964,0.089053,0.086622,0.085313,0.084069,0.084656,0.084326,0.083917,0.08361,0.083536,0.083878,0.084391,0.086898,0.091524,0.097142,0.10693,0.12588,0.16549,0.21938,0.2734,0.31668,0.33915,0.34526,0.35012,0.36225,0.38844,0.42866,0.47273,0.52908,0.54545,0.56517
0.052211,0.054045,0.055291,0.055935,0.054768,0.053472,0.04952,0.04554,0.041039,0.037233,0.034192,0.031405,0.030444,0.030636,0.030774,0.031563,0.034938,0.042945,0.055329,0.068476,0.078285,0.082123,0.081903,0.082785,0.089743,0.10769,0.13851,0.17825,0.249,0.29017,0.34524
0.55765,0.56137,0.56321,0.56484,0.56742,0.56857,0.57353,0.57905,0.58152,0.58031,0.57764,0.57371,0.56834,0.56177,0.55708,0.55425,0.54985,0.5449,0.54159,0.54031,0.53984,0.53741,0.53503,0.53495,0.54,0.55273,0.57009,0.5878,0.60297,0.60801,0.61722
0.43427,0.4311,0.42807,0.42529,0.42414,0.42365,0.42748,0.433,0.43917,0.44523,0.45216,0.45932,0.46538,0.47039,0.47548,0.48118,0.48529,0.49301,0.5083,0.52857,0.54744,0.55777,0.5606,0.56236,0.56692,0.57653,0.58846,0.60023,0.60831,0.61069,0.61624
0.13347,0.12432,0.11858,0.11888,0.12815,0.14672,0.18376,0.23408,0.31274,0.39514,0.45264,0.47414,0.4577,0.42144,0.37542,0.32155,0.26455,0.21578,0.17488,0.13924,0.10572,0.08724,0.081384,0.077596,0.074042,0.065886,0.047173,0.033007,0.032391,0.052641,0.098811
0.29563,0.27409,0.26089,0.25647,0.26274,0.27993,0.31778,0.36289,0.42338,0.48004,0.5235,0.55463,0.5709,0.57736,0.57924,0.57932,0.57574,0.56913,0.56255,0.55697,0.55346,0.55104,0.54941,0.54963,0.55334,0.56334,0.57654,0.59139,0.60697,0.61237,0.62346
0.27665,0.26997,0.26595,0.26448,0.2651,0.26775,0.27299,0.27872,0.28494,0.28997,0.29423,0.29858,0.30405,0.31065,0.31922,0.3349,0.36159,0.41191,0.47256,0.52449,0.55924,0.57533,0.57941,0.58145,0.58583,0.59392,0.60292,0.61164,0.61601,0.61576,0.61791
0.18092,0.17814,0.17472,0.17072,0.16698,0.16549,0.16719,0.16991,0.17346,0.17682,0.18004,0.1821,0.18248,0.18129,0.17907,0.17555,0.17035,0.16262,0.15718,0.156,0.15681,0.15504,0.15233,0.153,0.16277,0.188,0.23004,0.28077,0.36087,0.39991,0.45033
0.25316,0.27006,0.28463,0.29573,0.29922,0.29078,0.25756,0.22149,0.17852,0.14553,0.1234,0.10297,0.090297,0.086852,0.08478,0.082156,0.081882,0.10612,0.1641,0.24515,0.32456,0.37621,0.39564,0.40413,0.41107,0.42679,0.45629,0.49316,0.54636,0.56629,0.59194
0.044109,0.041728,0.040528,0.04093,0.042252,0.045994,0.053285,0.063352,0.076751,0.085272,0.083474,0.074969,0.064533,0.054357,0.046018,0.03981,0.036143,0.034213,0.032978,0.032078,0.030674,0.030999,0.031696,0.032125,0.033388,0.035784,0.038583,0.046453,0.076936,0.11237,0.16516
0.49487,0.48231,0.47484,0.47087,0.46967,0.46986,0.47699,0.48336,0.48523,0.47987,0.47325,0.47191,0.47755,0.4868,0.50408,0.53355,0.57013,0.6077,0.63489,0.64678,0.65018,0.64871,0.64766,0.64767,0.64793,0.65036,0.65391,0.65635,0.65363,0.65727,0.65887
0.058574,0.050509,0.047315,0.047647,0.048594,0.051679,0.054523,0.05794,0.064404,0.072805,0.083235,0.096725,0.11382,0.13307,0.15473,0.18718,0.23745,0.32155,0.41937,0.50382,0.56319,0.59387,0.60343,0.60744,0.61092,0.61503,0.61769,0.61932,0.61523,0.61218,0.61024
0.12045,0.12821,0.13055,0.133,0.14017,0.15071,0.16689,0.18501,0.20825,0.23514,0.26325,0.28681,0.29768,0.29686,0.28063,0.24747,0.20224,0.15745,0.12297,0.096175,0.070436,0.056792,0.05258,0.049677,0.049356,0.045261,0.032436,0.024309,0.024529,0.036106,0.068253
0.54891,0.55174,0.55275,0.55278,0.5531,0.55171,0.55359,0.55709,0.56004,0.5631,0.5678,0.57266,0.57621,0.57833,0.58114,0.58517,0.58713,0.59071,0.59807,0.60705,0.61408,0.61666,0.61651,0.61618,0.61767,0.62179,0.62556,0.62947,0.628,0.62931,0.63523
0.24343,0.25019,0.25427,0.25801,0.26161,0.26549,0.27087,0.27752,0.28595,0.29542,0.30472,0.30975,0.30753,0.29856,0.28556,0.26942,0.25056,0.22951,0.2117,0.20014,0.1934,0.19096,0.19014,0.19069,0.1968,0.21366,0.24379,0.28688,0.36778,0.41799,0.48958
0.5154,0.5131,0.51143,0.51394,0.52173,0.53245,0.55152,0.57311,0.59481,0.60746,0.60994,0.60982,0.60817,0.60328,0.59591,0.5872,0.57593,0.56409,0.55106,0.53219,0.5064,0.49397,0.4928,0.4902,0.4839,0.46349,0.42046,0.38219,0.36855,0.42573,0.52651
0.037541,0.040648,0.040151,0.038736,0.035418,0.032857,0.036887,0.040398,0.041044,0.036581,0.030985,0.030692,0.031036,0.028623,0.027168,0.028552,0.034507,0.036512,0.033797,0.050242,0.12259,0.24999,0.36186,0.4409,0.49919,0.54828,0.58672,0.61136,0.61914,0.61029,0.60202
0.44257,0.46093,0.47321,0.47931,0.47666,0.46391,0.43812,0.41032,0.37457,0.34364,0.32141,0.30349,0.29296,0.28906,0.29207,0.3048,0.32991,0.3797,0.44023,0.49337,0.53016,0.54708,0.55155,0.5542,0.56049,0.5732,0.59047,0.60787,0.62279,0.62589,0.63116
0.38048,0.428,0.4665,0.50434,0.53484,0.54953,0.54521,0.53744,0.51895,0.49604,0.47019,0.44118,0.41252,0.38253,0.35196,0.32071,0.29092,0.26555,0.24185,0.2169,0.19055,0.1783,0.17606,0.17343,0.1685,0.15497,0.12763,0.10587,0.10514,0.15063,0.23569
0.53945,0.54153,0.54264,0.5439,0.54632,0.5475,0.5526,0.55917,0.5653,0.57044,0.57582,0.58039,0.58282,0.58324,0.58424,0.58672,0.58754,0.58974,0.59459,0.60013,0.60424,0.60544,0.60511,0.60499,0.60677,0.61159,0.6166,0.62194,0.62235,0.62407,0.63048
0.09598,0.086616,0.080253,0.078096,0.080752,0.089699,0.10812,0.12939,0.15365,0.16747,0.16532,0.15398,0.13861,0.12214,0.10762,0.095066,0.084548,0.074324,0.065332,0.059204,0.054821,0.05254,0.051458,0.052029,0.056586,0.066218,0.078556,0.094841,0.13271,0.16903,0.22283
0.076194,0.061868,0.056204,0.055485,0.056902,0.063457,0.084475,0.12311,0.20614,0.31844,0.42844,0.51091,0.5471,0.55399,0.54775,0.53621,0.52203,0.50904,0.49691,0.48389,0.46863,0.46166,0.46209,0.46281,0.46334,0.45877,0.44045,0.42291,0.42041,0.45143,0.51196
0.10248,0.11368,0.11965,0.12051,0.11536,0.10694,0.093569,0.080993,0.067221,0.056466,0.048925,0.042398,0.038433,0.036077,0.034756,0.033889,0.033885,0.034857,0.039712,0.049481,0.061423,0.070658,0.074925,0.078463,0.086643,0.10503,0.13655,0.17774,0.25158,0.29444,0.35184
0.072431,0.067662,0.064132,0.061371,0.059269,0.059909,0.063337,0.06764,0.074175,0.082372,0.093976,0.10929,0.12676,0.14389,0.15736,0.16648,0.17056,0.16682,0.16279,0.16121,0.16127,0.15924,0.15651,0.15724,0.16701,0.19203,0.23366,0.28387,0.36346,0.40188,0.45093
0.39907,0.37622,0.36231,0.35834,0.36632,0.38523,0.42521,0.47098,0.52673,0.57148,0.59832,0.6138,0.61968,0.61997,0.6196,0.62086,0.62073,0.6194,0.6178,0.61565,0.61375,0.61138,0.60928,0.6089,0.61111,0.61744,0.62331,0.62829,0.62786,0.62999,0.63747
0.30334,0.29558,0.28938,0.28399,0.28066,0.27994,0.28418,0.29046,0.29925,0.30906,0.32048,0.33298,0.34457,0.35514,0.36482,0.37383,0.38059,0.39049,0.41136,0.44209,0.47358,0.49232,0.49817,0.5022,0.51057,0.52788,0.55216,0.57656,0.60086,0.60606,0.61272
0.18519,0.20787,0.22601,0.24243,0.25282,0.25539,0.24595,0.23447,0.21627,0.19621,0.17615,0.15594,0.13994,0.12627,0.11455,0.10486,0.09808,0.094042,0.093191,0.095284,0.098462,0.10215,0.1038,0.10496,0.10915,0.1212,0.14394,0.17863,0.25237,0.30812,0.38816
0.38669,0.3843,0.38202,0.37946,0.3774,0.37505,0.37341,0.3732,0.37193,0.36937,0.36597,0.36209,0.35937,0.3584,0.36002,0.36428,0.36923,0.38403,0.4162,0.46383,0.51433,0.54963,0.5646,0.57215,0.578,0.58665,0.59722,0.60719,0.61279,0.61436,0.61803
0.025574,0.025504,0.02556,0.026125,0.026189,0.027132,0.02747,0.028455,0.029969,0.030524,0.029208,0.027738,0.027097,0.026224,0.024499,0.022524,0.021522,0.021261,0.022327,0.02324,0.021821,0.022069,0.022986,0.023444,0.025411,0.028685,0.033037,0.044881,0.088107,0.13549,0.2052
0.50238,0.50027,0.49768,0.4949,0.49372,0.49276,0.49707,0.50345,0.51107,0.51965,0.5305,0.5423,0.5526,0.561,0.56854,0.57586,0.57998,0.58503,0.59399,0.60419,0.61189,0.61504,0.61537,0.61541,0.61737,0.62183,0.6256,0.6295,0.62845,0.62974,0.63543
0.27273,0.27194,0.27047,0.26925,0.2689,0.27031,0.27565,0.28176,0.28748,0.29037,0.29057,0.28779,0.28222,0.27474,0.26781,0.26161,0.25557,0.2497,0.24754,0.25052,0.2559,0.25648,0.25423,0.25557,0.26672,0.2948,0.34003,0.39153,0.4635,0.49242,0.52921
0.052091,0.051275,0.050187,0.048938,0.046759,0.046141,0.045141,0.044846,0.045109,0.044942,0.043634,0.041779,0.040933,0.039998,0.037999,0.035587,0.034081,0.032627,0.032377,0.032412,0.031022,0.030372,0.03005,0.030547,0.035842,0.049975,0.075824,0.11506,0.20138,0.26511,0.35312
0.43302,0.43443,0.43458,0.43489,0.43636,0.43814,0.44451,0.45162,0.45737,0.46023,0.46157,0.46083,0.4569,0.45042,0.44486,0.44046,0.43511,0.42944,0.42689,0.42873,0.43273,0.43252,0.43028,0.43125,0.44036,0.46265,0.49614,0.53171,0.57217,0.58403,0.59987
0.4945,0.50234,0.50667,0.50892,0.50967,0.50761,0.50619,0.5052,0.50051,0.49342,0.48586,0.4772,0.46826,0.45944,0.4536,0.45056,0.44801,0.44881,0.45537,0.46701,0.47922,0.48426,0.48413,0.48544,0.49306,0.51125,0.53775,0.56529,0.59362,0.60161,0.61341
0.071727,0.073415,0.073536,0.072231,0.069486,0.066788,0.063587,0.061049,0.05832,0.055529,0.052179,0.048425,0.045272,0.042314,0.039419,0.036531,0.034005,0.031671,0.030383,0.029794,0.028368,0.027675,0.027485,0.027534,0.029787,0.035328,0.044904,0.060955,0.10088,0.13483,0.18305
0.54173,0.54666,0.54922,0.55097,0.55299,0.55328,0.55737,0.56254,0.5663,0.56882,0.57176,0.57348,0.57212,0.56803,0.56469,0.56232,0.55765,0.55125,0.5456,0.54164,0.53894,0.53531,0.5327,0.53278,0.53852,0.55256,0.57186,0.59183,0.61008,0.61539,0.62502
0.094882,0.10415,0.11006,0.11325,0.1126,0.10877,0.10017,0.091175,0.079648,0.069145,0.06065,0.053343,0.048284,0.04423,0.040868,0.038076,0.036206,0.034692,0.03367,0.032745,0.030956,0.030075,0.029852,0.029915,0.032221,0.038154,0.048813,0.066241,0.10775,0.14211,0.19105
0.39,0.39117,0.39186,0.3926,0.39286,0.39201,0.39219,0.39166,0.3875,0.38094,0.37499,0.3703,0.36798,0.36731,0.37059,0.38095,0.39925,0.42991,0.46228,0.48539,0.49754,0.49907,0.49719,0.49783,0.50506,0.52211,0.54663,0.57184,0.5972,0.60315,0.61062
0.11526,0.11348,0.11242,0.11181,0.111,0.11074,0.1053,0.09998,0.09369,0.08772,0.080892,0.072663,0.068345,0.068409,0.067626,0.06589,0.066683,0.082787,0.11768,0.162,0.20082,0.22322,0.22955,0.23225,0.23887,0.25632,0.28777,0.33064,0.40791,0.45243,0.5131
0.58825,0.59356,0.59686,0.59964,0.60275,0.60325,0.6065,0.61076,0.61302,0.61388,0.61539,0.61656,0.61647,0.61493,0.6146,0.61608,0.61572,0.61568,0.61673,0.61741,0.61686,0.61512,0.61377,0.61312,0.61442,0.61843,0.62217,0.62623,0.62482,0.62651,0.63325
0.051174,0.049226,0.047816,0.04675,0.045254,0.045358,0.045522,0.046257,0.047651,0.048641,0.048965,0.048948,0.049784,0.050853,0.051467,0.051964,0.053076,0.054825,0.060684,0.071095,0.082885,0.090577,0.093124,0.095896,0.10425,0.12447,0.15921,0.20337,0.28029,0.32355,0.38037
0.24773,0.23874,0.23269,0.22981,0.2313,0.23733,0.25185,0.26908,0.29316,0.32102,0.35328,0.38783,0.41712,0.43982,0.45622,0.46851,0.47628,0.48489,0.50116,0.52238,0.54177,0.55249,0.55524,0.55719,0.56285,0.57386,0.58672,0.59943,0.60855,0.60917,0.61372
0.10348,0.106,0.10689,0.1065,0.10457,0.10237,0.099146,0.096092,0.091685,0.086385,0.080325,0.073809,0.068215,0.062977,0.058285,0.054136,0.050756,0.047333,0.044644,0.042734,0.040396,0.038705,0.037763,0.037731,0.041123,0.050233,0.066365,0.0903,0.14214,0.1813,0.23575
0.58844,0.59427,0.59809,0.60119,0.60408,0.60375,0.60414,0.60518,0.60264,0.59736,0.5913,0.58443,0.57814,0.57257,0.57013,0.57121,0.57251,0.57864,0.59061,0.60561,0.61908,0.62634,0.62823,0.62886,0.6304,0.6346,0.63898,0.64343,0.64199,0.64354,0.64959
0.34173,0.35042,0.35421,0.35425,0.35115,0.34584,0.33979,0.33374,0.32368,0.31214,0.3009,0.2885,0.27609,0.26378,0.25373,0.24493,0.23605,0.22615,0.21881,0.21655,0.21723,0.215,0.21182,0.21243,0.22277,0.24956,0.29371,0.3456,0.42233,0.45726,0.50247
0.35775,0.35129,0.34637,0.34435,0.34711,0.35353,0.3666,0.38167,0.40059,0.4201,0.43913,0.45642,0.47024,0.48144,0.48785,0.49162,0.49573,0.51313,0.53996,0.56239,0.57299,0.57458,0.57297,0.57256,0.5776,0.58799,0.59884,0.61044,0.61863,0.61897,0.62571
0.1267,0.15123,0.17119,0.1893,0.20089,0.2033,0.1925,0.17969,0.16134,0.14346,0.12691,0.10987,0.095049,0.081449,0.069288,0.058608,0.050553,0.044954,0.040971,0.038087,0.035419,0.03506,0.03532,0.035535,0.037305,0.042361,0.051424,0.067573,0.10906,0.14776,0.20634
0.51897,0.52954,0.53719,0.54401,0.54975,0.54971,0.54036,0.52866,0.50818,0.48529,0.462,0.43752,0.42031,0.41154,0.40489,0.40009,0.40089,0.42662,0.46851,0.50669,0.52953,0.53768,0.53806,0.53782,0.54188,0.55286,0.56879,0.58823,0.60904,0.61438,0.62591
0.50403,0.50062,0.49723,0.49494,0.49577,0.49826,0.50886,0.52101,0.53366,0.54425,0.55454,0.56436,0.5707,0.57343,0.57527,0.57653,0.57363,0.56646,0.55923,0.55354,0.54921,0.54452,0.54146,0.54128,0.54674,0.56009,0.57804,0.59645,0.61289,0.61775,0.62634
