0.506	0.518691	0.5375	0.55245	0.585367	0.639326	0.666347	0.675866	0.739872	0.716974	0.720779	0.734646	0.775198	0.80052	0.847841	0.853468
0.498615	0.542311	0.568939	0.582353	0.599937	0.631159	0.642875	0.65213	0.705446	0.678638	0.675537	0.694827	0.73192	0.754383	0.818775	0.846277
0.499525	0.526005	0.545288	0.559884	0.596171	0.650364	0.673937	0.69456	0.753729	0.734794	0.730824	0.739878	0.78315	0.802719	0.840457	0.841637
0.642324	0.718034	0.768163	0.786623	0.803295	0.821666	0.799939	0.79652	0.848558	0.809611	0.79509	0.815481	0.856321	0.84816	0.861789	0.84661
0.493268	0.523673	0.538618	0.54417	0.569273	0.605022	0.621049	0.6387	0.695268	0.695344	0.692741	0.713631	0.726434	0.737622	0.813997	0.837925
0.634797	0.690666	0.729188	0.741314	0.766519	0.799239	0.799606	0.806994	0.862363	0.820877	0.801771	0.823807	0.864152	0.85661	0.874691	0.857788
0.21574	0.684241	0.88433	0.859988	0.848267	0.858454	0.831355	0.820637	0.877651	0.832575	0.826038	0.840256	0.877508	0.868133	0.88571	0.869685
0.366828	0.356765	0.36696	0.387787	0.435163	0.50852	0.577704	0.630315	0.718077	0.719009	0.731968	0.741385	0.777187	0.791366	0.82718	0.843234
0.582666	0.668167	0.711529	0.722449	0.731441	0.751475	0.73807	0.734232	0.799267	0.781392	0.787319	0.801416	0.837265	0.84231	0.871943	0.861402
0.218165	0.636444	0.791434	0.768854	0.757544	0.764215	0.742982	0.737876	0.796916	0.783737	0.794349	0.81737	0.853075	0.848433	0.873777	0.861959
0.578368	0.665686	0.711304	0.724476	0.739443	0.759791	0.73337	0.721949	0.761405	0.71965	0.713839	0.712078	0.748114	0.787893	0.843046	0.856989
0.571995	0.619861	0.656241	0.672939	0.694716	0.724269	0.712945	0.708761	0.752435	0.718129	0.712642	0.716656	0.750678	0.779644	0.830829	0.848151
0.600135	0.653569	0.690705	0.701268	0.709699	0.723256	0.700628	0.694954	0.751445	0.73963	0.75243	0.765897	0.805789	0.827283	0.860261	0.866403
0.537263	0.586209	0.615748	0.630626	0.662129	0.706142	0.714233	0.716558	0.759281	0.716249	0.703801	0.700531	0.736375	0.779014	0.835874	0.858201
0.547302	0.633055	0.676605	0.68915	0.7016	0.735353	0.731849	0.738221	0.791968	0.799926	0.822346	0.846357	0.862648	0.847973	0.856674	0.846083
0.206868	0.659184	0.805539	0.791983	0.796943	0.827438	0.818031	0.806494	0.836585	0.794671	0.752015	0.751053	0.764082	0.710468	0.666538	0.737837
0.190246	0.625005	0.791283	0.775301	0.768582	0.784315	0.758541	0.756807	0.792292	0.763723	0.719654	0.714376	0.726532	0.655087	0.594542	0.667519
0.391251	0.390629	0.401705	0.413486	0.443058	0.491266	0.518167	0.541038	0.585502	0.589809	0.596715	0.601258	0.645607	0.704163	0.773585	0.808202
0.159365	0.15675	0.159479	0.170606	0.187745	0.203385	0.210939	0.220273	0.238492	0.251376	0.259219	0.257964	0.273428	0.323354	0.452954	0.58768
0.384669	0.376636	0.372917	0.374142	0.399834	0.442972	0.472492	0.493086	0.502121	0.481329	0.473294	0.496004	0.496539	0.532218	0.691462	0.796762
0.299498	0.287293	0.280937	0.281113	0.298178	0.331063	0.357655	0.376145	0.401003	0.404842	0.398933	0.409117	0.400157	0.433776	0.61423	0.769827
0.271608	0.267986	0.274254	0.297135	0.329061	0.371668	0.39838	0.42177	0.451145	0.465493	0.482587	0.487635	0.511597	0.56502	0.684841	0.764869
0.345851	0.340497	0.340018	0.343568	0.36863	0.415121	0.461134	0.495587	0.534634	0.540986	0.53714	0.551932	0.546041	0.57994	0.724911	0.813151
0.412685	0.415071	0.429005	0.443803	0.474925	0.52536	0.548673	0.562854	0.605895	0.613793	0.61941	0.618709	0.654107	0.712226	0.795612	0.825522
0.415419	0.421149	0.432029	0.459422	0.499766	0.561082	0.602358	0.642539	0.705872	0.724905	0.749235	0.765134	0.792249	0.808504	0.848998	0.861014
0.418681	0.426985	0.442799	0.457443	0.490158	0.551023	0.591596	0.627464	0.687955	0.699413	0.721126	0.741957	0.764699	0.784064	0.836116	0.85255
0.217977	0.204354	0.196948	0.193494	0.205066	0.224837	0.239008	0.255803	0.268112	0.283084	0.297954	0.31428	0.308364	0.342357	0.518652	0.71548
0.127546	0.119569	0.111311	0.104493	0.106903	0.109483	0.111967	0.12176	0.1345	0.132139	0.13102	0.130971	0.143709	0.182442	0.28489	0.4245
0.428023	0.441048	0.4434	0.440946	0.447213	0.473022	0.475258	0.478462	0.492428	0.510606	0.521814	0.541526	0.536446	0.571672	0.72007	0.817174
0.42873	0.449121	0.463966	0.480162	0.493016	0.51903	0.517377	0.514097	0.532727	0.53711	0.533135	0.533962	0.557334	0.611094	0.721656	0.788487
0.486267	0.508691	0.520242	0.526433	0.536239	0.566918	0.564158	0.574392	0.591373	0.603933	0.613813	0.63648	0.640822	0.667468	0.783359	0.834058
0.341019	0.334504	0.345039	0.355907	0.370965	0.399589	0.404882	0.410609	0.431742	0.441845	0.446312	0.45305	0.478865	0.542077	0.685591	0.780323
0.26312	0.261106	0.270171	0.280716	0.289631	0.304533	0.309086	0.322027	0.333318	0.342292	0.346004	0.351438	0.377372	0.434191	0.571643	0.701288
0.242789	0.236409	0.237132	0.237641	0.248432	0.267124	0.276038	0.284011	0.294931	0.309305	0.312971	0.314631	0.325345	0.350401	0.445225	0.581693
0.204803	0.199882	0.202178	0.213826	0.224285	0.23494	0.230569	0.228252	0.242973	0.259968	0.265978	0.272517	0.265465	0.298068	0.470191	0.664243
0.340349	0.334328	0.34357	0.35341	0.366775	0.392554	0.39118	0.386173	0.396693	0.405856	0.409317	0.401366	0.439444	0.534858	0.690119	0.773834
0.07665	0.075181	0.075291	0.074116	0.072516	0.068989	0.063196	0.061684	0.060271	0.061387	0.062672	0.062721	0.07001	0.091675	0.164891	0.29538
0.162022	0.150997	0.144885	0.141243	0.144999	0.153314	0.153053	0.150969	0.144218	0.14187	0.13778	0.143216	0.137941	0.16007	0.29019	0.49489
0.178085	0.171424	0.166068	0.160701	0.160832	0.164693	0.15935	0.159454	0.156621	0.159106	0.158609	0.164167	0.158752	0.182755	0.321713	0.537858
0.133167	0.132281	0.130648	0.126253	0.125349	0.1262	0.121299	0.119019	0.117912	0.120772	0.117171	0.119298	0.116103	0.136018	0.238825	0.417862
0.144526	0.142675	0.146001	0.146381	0.149413	0.154123	0.149186	0.144484	0.14679	0.150509	0.147492	0.144624	0.155766	0.195264	0.300861	0.469842
0.153109	0.152873	0.151242	0.146946	0.147403	0.155145	0.15465	0.150903	0.146445	0.138307	0.133057	0.133122	0.159602	0.222454	0.364958	0.534107
0.321568	0.317797	0.313894	0.309353	0.311953	0.327502	0.326555	0.324595	0.320084	0.329441	0.334199	0.346676	0.34279	0.379713	0.565562	0.742652
0.194597	0.195952	0.201229	0.20511	0.20626	0.213161	0.214595	0.219611	0.220413	0.230822	0.238342	0.242489	0.264199	0.314946	0.457017	0.622937
0.452663	0.465967	0.471081	0.468515	0.465593	0.486718	0.477787	0.476397	0.473135	0.483025	0.48973	0.505061	0.501661	0.533088	0.695172	0.805866
0.048455	0.049754	0.048866	0.045002	0.043421	0.039791	0.038291	0.041085	0.043164	0.045225	0.047494	0.048568	0.056579	0.072244	0.134079	0.246766
0.094509	0.091114	0.090594	0.088405	0.089992	0.096433	0.104368	0.111602	0.116491	0.120539	0.124329	0.125961	0.153033	0.209958	0.333751	0.489049
0.057016	0.057172	0.057306	0.055238	0.056488	0.055265	0.054418	0.055951	0.055815	0.059279	0.058979	0.059834	0.059765	0.067271	0.130766	0.256361
0.112054	0.109129	0.107675	0.105685	0.10706	0.11093	0.110886	0.110901	0.11064	0.119372	0.119989	0.124476	0.121217	0.139502	0.261017	0.459535
0.050138	0.054522	0.05677	0.057085	0.056164	0.052823	0.04895	0.048816	0.04922	0.051386	0.051424	0.049129	0.053707	0.06791	0.120425	0.206781
0.048031	0.048922	0.050249	0.0503	0.054514	0.058847	0.066158	0.072838	0.075135	0.082534	0.084834	0.083562	0.087976	0.098006	0.140397	0.223085
0.15894	0.141372	0.130864	0.126139	0.129308	0.138484	0.148163	0.164622	0.185866	0.195696	0.203136	0.208015	0.229053	0.278638	0.402471	0.542407
0.246143	0.244954	0.243659	0.238967	0.23631	0.242797	0.236856	0.23346	0.232683	0.242354	0.239484	0.245619	0.239922	0.265491	0.427261	0.638146
0.167889	0.154777	0.150243	0.151755	0.16528	0.192257	0.218605	0.2439	0.245674	0.260231	0.28649	0.30699	0.304325	0.334693	0.49753	0.68678
0.034729	0.042423	0.044461	0.043105	0.043117	0.039328	0.035285	0.034591	0.033455	0.033482	0.034188	0.034003	0.037501	0.042402	0.075897	0.161297
0.180701	0.164759	0.143544	0.124944	0.116274	0.114112	0.112269	0.118866	0.127944	0.13194	0.129645	0.125365	0.119808	0.123471	0.174083	0.28483
0.200145	0.188956	0.193979	0.202328	0.221674	0.257308	0.293639	0.322594	0.353524	0.405027	0.448576	0.45775	0.500666	0.582812	0.72462	0.807781
0.246654	0.244523	0.249156	0.26304	0.278906	0.303788	0.321189	0.334648	0.350513	0.391521	0.418358	0.423844	0.446792	0.494673	0.626	0.733567
0.22471	0.207569	0.200636	0.2018	0.210506	0.233466	0.255991	0.290497	0.328863	0.357349	0.377455	0.38347	0.409581	0.453451	0.581823	0.701631
0.308918	0.307413	0.34426	0.395301	0.418641	0.433237	0.43288	0.471754	0.596789	0.668898	0.682497	0.678374	0.71434	0.7305	0.776082	0.822554
0.443217	0.445794	0.448009	0.450551	0.466209	0.5218	0.578033	0.631295	0.674982	0.745158	0.7978	0.817721	0.835071	0.818878	0.859328	0.877134
0.27019	0.263946	0.266734	0.28286	0.302759	0.337366	0.362483	0.382615	0.400814	0.437853	0.467173	0.468509	0.491678	0.536682	0.667575	0.765196
0.218576	0.209973	0.21235	0.229896	0.251911	0.29031	0.326295	0.357434	0.383261	0.436283	0.47547	0.484855	0.509804	0.557283	0.682207	0.772499
0.063765	0.061231	0.060742	0.059862	0.062552	0.068556	0.079729	0.09217	0.100174	0.121951	0.13178	0.138628	0.13449	0.150582	0.277993	0.485135
0.074878	0.071695	0.070423	0.068569	0.069898	0.073095	0.077669	0.0854	0.095594	0.130723	0.155978	0.168821	0.165304	0.183352	0.320375	0.528843
0.054625	0.050832	0.052354	0.053158	0.056084	0.059126	0.061352	0.065128	0.073948	0.096045	0.121379	0.127008	0.152054	0.217867	0.362673	0.506406
0.033065	0.038969	0.041761	0.041572	0.042293	0.042848	0.049567	0.069966	0.09009	0.113548	0.130918	0.13673	0.152758	0.187675	0.303229	0.470111
0.089881	0.092249	0.09505	0.100832	0.106674	0.114174	0.11806	0.123922	0.130504	0.150169	0.164097	0.163661	0.176638	0.213834	0.321609	0.450046
0.106647	0.108269	0.113064	0.116683	0.117022	0.119469	0.118785	0.124936	0.125562	0.143944	0.163541	0.17018	0.187915	0.222228	0.32767	0.497059
0.068817	0.070512	0.07105	0.072374	0.077876	0.082564	0.084829	0.090785	0.091286	0.111156	0.138361	0.148543	0.162525	0.19975	0.326203	0.504227
0.182225	0.172223	0.191317	0.205739	0.247358	0.266121	0.253901	0.260681	0.248582	0.274031	0.318598	0.296849	0.327615	0.388375	0.591201	0.774516
0.16839	0.154772	0.161712	0.166749	0.201775	0.223335	0.231676	0.252831	0.250501	0.292647	0.33736	0.332023	0.319473	0.362202	0.60658	0.821662
0.235938	0.222902	0.225322	0.231061	0.245788	0.266116	0.272128	0.278083	0.317603	0.345441	0.385892	0.395519	0.439189	0.53873	0.69867	0.784178
0.16922	0.154036	0.155082	0.160302	0.174326	0.193275	0.200079	0.21619	0.241245	0.27486	0.32923	0.342067	0.38229	0.480487	0.639343	0.74616
0.494816	0.518178	0.540095	0.551609	0.575466	0.615222	0.629158	0.636971	0.708167	0.723749	0.741503	0.752646	0.785173	0.80411	0.84599	0.849957
0.230965	0.218931	0.213242	0.210222	0.219559	0.234804	0.244398	0.253085	0.280857	0.310837	0.326036	0.341555	0.335278	0.364143	0.528183	0.718419
0.384949	0.38287	0.394657	0.412226	0.440289	0.481908	0.497976	0.509792	0.56857	0.58055	0.603032	0.622828	0.649621	0.683718	0.776392	0.827205
0.483061	0.48604	0.496672	0.493839	0.48683	0.497765	0.506825	0.551958	0.722281	0.767119	0.775765	0.795169	0.830172	0.827269	0.844352	0.851235
0.435013	0.431822	0.443023	0.457597	0.486742	0.527273	0.545473	0.562175	0.64131	0.687949	0.729551	0.760405	0.803845	0.819204	0.855661	0.856604
0.294535	0.282108	0.27599	0.273993	0.287383	0.31086	0.326403	0.345104	0.391164	0.450251	0.495004	0.525552	0.519641	0.538956	0.653146	0.780972
0.423736	0.420035	0.417455	0.419324	0.438698	0.470794	0.488811	0.512318	0.584863	0.639471	0.694479	0.724891	0.741475	0.75125	0.832512	0.855979
0.202286	0.188891	0.182007	0.179937	0.191237	0.207713	0.217242	0.234474	0.260319	0.314468	0.396206	0.44146	0.441269	0.474137	0.652995	0.791049
0.422787	0.436302	0.438529	0.435283	0.444107	0.464319	0.464979	0.479568	0.530112	0.586401	0.664276	0.705698	0.713731	0.72632	0.82142	0.8545
0.25935	0.252027	0.24727	0.242992	0.255451	0.274677	0.290041	0.307226	0.347206	0.388986	0.418284	0.439609	0.432337	0.46345	0.642537	0.793343
0.521637	0.536152	0.606467	0.622989	0.674123	0.645467	0.608542	0.659323	0.786516	0.765071	0.800387	0.743034	0.817821	0.782038	0.856569	0.859212
0.067019	0.065534	0.070856	0.067156	0.069331	0.05885	0.06017	0.081177	0.202524	0.314483	0.366365	0.327243	0.389835	0.482056	0.685794	0.766609
0.098957	0.09536	0.094913	0.100623	0.111673	0.123065	0.1354	0.148792	0.176611	0.208042	0.242455	0.248371	0.282271	0.376061	0.555915	0.692724
0.110211	0.103419	0.101498	0.10125	0.110742	0.124838	0.143366	0.164372	0.196702	0.264253	0.333115	0.359478	0.377642	0.410146	0.51403	0.646068
0.111534	0.10074	0.096884	0.09599	0.104893	0.117502	0.130771	0.149616	0.167995	0.218409	0.284452	0.322859	0.320667	0.354077	0.525167	0.712914
0.091636	0.083954	0.08311	0.085475	0.096912	0.109941	0.125956	0.146032	0.175905	0.241395	0.301473	0.330758	0.325661	0.353205	0.494924	0.681455
0.053609	0.050969	0.05054	0.050265	0.055852	0.06397	0.080374	0.10334	0.128791	0.185083	0.235943	0.26007	0.254492	0.283262	0.450623	0.666217
0.096828	0.0902	0.087604	0.084874	0.086735	0.089471	0.089359	0.098715	0.110852	0.15929	0.237676	0.282101	0.283045	0.312447	0.457362	0.651913
0.090624	0.082258	0.079149	0.072904	0.06941	0.065911	0.067936	0.080674	0.133197	0.209311	0.253556	0.274753	0.267435	0.299861	0.471406	0.678505
0.069021	0.063484	0.064676	0.065831	0.071573	0.075471	0.077204	0.082021	0.09921	0.132948	0.178572	0.192366	0.222872	0.308781	0.483346	0.633438
0.106942	0.101354	0.097946	0.094459	0.096828	0.100381	0.10064	0.108532	0.117231	0.143699	0.174768	0.192934	0.189373	0.214752	0.365083	0.587664
0.054891	0.059803	0.061506	0.059033	0.059819	0.057982	0.056898	0.060499	0.067881	0.089196	0.1053	0.114677	0.113788	0.134139	0.250915	0.453707
0.048153	0.052485	0.056071	0.055874	0.059242	0.058463	0.05789	0.061373	0.070461	0.08649	0.106096	0.109039	0.127647	0.185122	0.314152	0.460834
0.061739	0.066796	0.068647	0.069501	0.073787	0.072668	0.068947	0.070934	0.071241	0.080728	0.096554	0.101481	0.110364	0.143526	0.249374	0.413528
0.051071	0.056381	0.063877	0.064715	0.073997	0.065788	0.064931	0.07497	0.093702	0.144276	0.219714	0.211788	0.26928	0.343513	0.536642	0.649386
0.057837	0.063431	0.073588	0.078757	0.089463	0.078342	0.068126	0.073726	0.07179	0.104359	0.158294	0.152409	0.173928	0.202908	0.34501	0.517408
0.047187	0.048249	0.048596	0.046814	0.047824	0.047603	0.045862	0.04948	0.05101	0.067194	0.128778	0.181183	0.193574	0.221386	0.371241	0.589279
0.042901	0.048267	0.050323	0.046995	0.045606	0.042528	0.03959	0.041265	0.046024	0.068373	0.094199	0.102463	0.108662	0.123806	0.178863	0.281668
0.118579	0.10497	0.114985	0.153505	0.24043	0.346304	0.394338	0.399361	0.420507	0.453094	0.462013	0.478459	0.470012	0.512642	0.684235	0.805772
0.101454	0.088613	0.096961	0.130776	0.219069	0.361638	0.477246	0.516193	0.525471	0.538157	0.568723	0.593755	0.614698	0.640884	0.724426	0.791933
0.307555	0.291293	0.297991	0.314315	0.348224	0.415942	0.483426	0.541607	0.592571	0.610784	0.618043	0.618745	0.65792	0.717634	0.80779	0.839267
0.382568	0.369752	0.366878	0.373743	0.402591	0.463829	0.522327	0.572287	0.601774	0.614981	0.625003	0.641489	0.666952	0.689994	0.757664	0.813367
0.263797	0.254588	0.282858	0.346331	0.446132	0.534927	0.550813	0.553938	0.588463	0.624376	0.627256	0.641335	0.636298	0.641665	0.693502	0.778637
0.12792	0.108731	0.102184	0.1042	0.124755	0.16704	0.25902	0.400354	0.497611	0.524102	0.514001	0.530148	0.526694	0.564767	0.715607	0.818154
0.034771	0.041485	0.04634	0.050672	0.065035	0.09252	0.157871	0.255348	0.33814	0.347869	0.338021	0.327433	0.35293	0.429377	0.579211	0.690983
0.256193	0.238978	0.233072	0.236913	0.263141	0.317737	0.402461	0.486714	0.538178	0.551728	0.542046	0.553862	0.548198	0.575142	0.693428	0.804442
0.200178	0.187031	0.191971	0.201429	0.230906	0.287586	0.363597	0.438725	0.505258	0.536308	0.554843	0.563989	0.618412	0.699365	0.799539	0.835861
0.411534	0.41062	0.406908	0.409667	0.437568	0.496529	0.552944	0.603499	0.636787	0.650315	0.654321	0.677079	0.677609	0.704243	0.813877	0.86484
0.14095	0.143452	0.18769	0.252662	0.383534	0.477451	0.605929	0.741884	0.794168	0.755711	0.808099	0.749315	0.85054	0.768867	0.851638	0.806904
0.088076	0.083235	0.098535	0.123622	0.199321	0.280181	0.457179	0.749307	0.90582	0.883094	0.943792	0.891025	0.96663	0.821804	0.87837	0.824251
0.190677	0.169219	0.162981	0.168328	0.196592	0.255959	0.373496	0.534785	0.636578	0.652886	0.641763	0.657026	0.66355	0.684967	0.794387	0.851896
0.196345	0.178958	0.192886	0.243397	0.348675	0.487798	0.560215	0.572713	0.585987	0.612095	0.627501	0.637747	0.659402	0.678991	0.757577	0.819493
0.374798	0.367173	0.376332	0.393093	0.432315	0.519794	0.623146	0.710151	0.761286	0.767776	0.764753	0.771755	0.810219	0.831808	0.86823	0.875402
0.069824	0.061883	0.064471	0.0823	0.147087	0.24405	0.358617	0.497302	0.641483	0.704462	0.721066	0.745733	0.787687	0.804639	0.851823	0.871336
0.034232	0.035224	0.036634	0.041179	0.081671	0.212453	0.431509	0.599319	0.702428	0.756099	0.789153	0.821004	0.862338	0.834286	0.806049	0.823123
0.079438	0.071122	0.072681	0.083157	0.11383	0.169144	0.290958	0.512702	0.688055	0.720476	0.703127	0.717905	0.728236	0.740668	0.821667	0.868041
0.411165	0.400407	0.410919	0.429269	0.46844	0.555544	0.646047	0.723509	0.776999	0.7962	0.804017	0.823901	0.865575	0.867846	0.885704	0.882712
0.083984	0.074495	0.081175	0.107947	0.174498	0.252584	0.285906	0.290026	0.300364	0.340869	0.36163	0.376797	0.372055	0.404138	0.5804	0.747971
0.088266	0.081724	0.09015	0.120577	0.203826	0.366174	0.577935	0.701492	0.748667	0.784278	0.812197	0.836474	0.861379	0.850352	0.880861	0.882053
0.039821	0.049608	0.061202	0.090662	0.180795	0.327819	0.511038	0.673468	0.78656	0.830302	0.853175	0.879414	0.909875	0.888743	0.888368	0.879253
0.133047	0.119514	0.113405	0.113625	0.131424	0.168333	0.244973	0.349715	0.399741	0.428625	0.458673	0.489794	0.494149	0.530167	0.699978	0.829556
0.129101	0.117625	0.112851	0.112915	0.128952	0.158487	0.208529	0.270266	0.302382	0.34202	0.369778	0.39268	0.389137	0.421312	0.5927	0.75992
0.126258	0.119314	0.129209	0.134921	0.168516	0.188296	0.255559	0.359465	0.392135	0.431457	0.536919	0.515328	0.588204	0.519185	0.667451	0.723395
0.146982	0.143881	0.170411	0.191548	0.239939	0.25655	0.287927	0.330947	0.366522	0.395086	0.458136	0.409876	0.517249	0.538765	0.693241	0.741584
0.187772	0.170195	0.162882	0.164233	0.183976	0.22608	0.295607	0.374854	0.410343	0.462957	0.501059	0.526399	0.524356	0.552277	0.714621	0.828008
0.080023	0.077821	0.07979	0.083213	0.097283	0.122206	0.159029	0.194659	0.22551	0.275443	0.313154	0.31452	0.34771	0.436889	0.608939	0.729368
0.074698	0.071335	0.068797	0.068521	0.080141	0.104535	0.177311	0.327321	0.452526	0.49431	0.490588	0.503973	0.498394	0.523732	0.690838	0.821243
0.050517	0.050862	0.052876	0.05456	0.066077	0.088535	0.145128	0.234709	0.318433	0.368583	0.391441	0.390559	0.423347	0.506031	0.658356	0.766261
0.179541	0.159775	0.151222	0.152369	0.17393	0.222851	0.319957	0.455395	0.527697	0.576495	0.597036	0.614975	0.618907	0.633887	0.762581	0.84284
0.080346	0.078634	0.076698	0.076002	0.085088	0.100898	0.127579	0.15913	0.181768	0.223857	0.249288	0.253762	0.263354	0.281097	0.359758	0.498835
0.070794	0.069711	0.067213	0.06589	0.073541	0.087023	0.114878	0.149976	0.170233	0.205745	0.226157	0.231181	0.240872	0.258234	0.335847	0.463212
0.054562	0.05338	0.051957	0.050524	0.056503	0.064846	0.082183	0.106729	0.111613	0.127036	0.151575	0.17147	0.171606	0.18944	0.320102	0.525984
0.204254	0.187013	0.193228	0.222368	0.284304	0.380253	0.500659	0.615316	0.688657	0.790996	0.862711	0.894869	0.932924	0.895554	0.885686	0.882932
0.212057	0.194376	0.187522	0.189303	0.212246	0.263445	0.366393	0.514094	0.625623	0.719283	0.769334	0.798673	0.827139	0.821122	0.871221	0.885721
0.044756	0.055294	0.061851	0.075629	0.112811	0.165215	0.267739	0.437361	0.611905	0.708499	0.745076	0.764177	0.816714	0.836354	0.882225	0.893269
0.20491	0.190085	0.192995	0.200543	0.22688	0.282361	0.374457	0.505048	0.693032	0.829285	0.888092	0.916486	0.948436	0.913075	0.915087	0.904303
0.092936	0.088167	0.100473	0.109248	0.146531	0.185848	0.239177	0.28712	0.344393	0.388687	0.454172	0.422724	0.493944	0.594347	0.769159	0.850164
0.223224	0.204376	0.218818	0.232385	0.300943	0.374121	0.494377	0.622474	0.696624	0.731696	0.772013	0.751767	0.767227	0.757298	0.877148	0.907128
0.063469	0.059247	0.063837	0.065373	0.086113	0.108039	0.161732	0.236022	0.283513	0.371006	0.450334	0.425694	0.452572	0.472062	0.615985	0.778416
0.198086	0.180739	0.202452	0.224035	0.295588	0.381624	0.495873	0.624337	0.727754	0.742359	0.807361	0.762017	0.828417	0.817292	0.89069	0.907345
0.08601	0.0832	0.095847	0.110512	0.151239	0.189864	0.261684	0.407219	0.624283	0.678413	0.716144	0.661217	0.712395	0.724245	0.846725	0.904137
0.170611	0.14897	0.153108	0.159079	0.20631	0.262902	0.354624	0.477609	0.525277	0.589341	0.673703	0.660424	0.663426	0.677714	0.848001	0.906445
0.297825	0.274441	0.290882	0.3054	0.380139	0.451309	0.535223	0.624077	0.665734	0.689135	0.72848	0.698161	0.703032	0.718824	0.872535	0.928312
0.050235	0.050303	0.061514	0.074633	0.11709	0.178796	0.293814	0.470391	0.654025	0.67891	0.72435	0.67093	0.734139	0.738034	0.788396	0.865342
0.126061	0.113992	0.121899	0.129484	0.166209	0.201627	0.244981	0.298744	0.344476	0.464608	0.571504	0.562836	0.556625	0.580358	0.752968	0.874687
0.180874	0.158955	0.171613	0.185522	0.23807	0.295783	0.368184	0.482876	0.724677	0.803961	0.869464	0.824112	0.878569	0.832745	0.889024	0.913094
0.038073	0.040155	0.04655	0.053338	0.101772	0.182211	0.281286	0.442196	0.695655	0.775807	0.854673	0.821839	0.878833	0.831355	0.885935	0.911207
0.182237	0.166946	0.176068	0.182856	0.228039	0.269236	0.313487	0.367303	0.413138	0.541112	0.667612	0.636229	0.668657	0.66258	0.781144	0.872478
0.384505	0.368982	0.39659	0.41433	0.501552	0.579779	0.649272	0.730222	0.774493	0.81248	0.87252	0.831542	0.870476	0.825565	0.898216	0.919326
0.377239	0.373747	0.40391	0.418679	0.497247	0.555829	0.590251	0.640979	0.669411	0.711409	0.752148	0.721675	0.72518	0.724164	0.863886	0.914364
0.290696	0.275405	0.297572	0.31025	0.380243	0.425445	0.492872	0.565889	0.634668	0.72598	0.815762	0.787899	0.803855	0.757931	0.858182	0.86098
0.086938	0.080833	0.086652	0.088041	0.108176	0.124493	0.178178	0.33509	0.698164	0.818088	0.882285	0.841654	0.869271	0.783844	0.845524	0.839354
0.354852	0.339243	0.383701	0.41671	0.510996	0.571125	0.619135	0.680895	0.754436	0.80993	0.899529	0.856136	0.909116	0.822704	0.876289	0.86341
0.288627	0.274337	0.303589	0.328821	0.406025	0.449194	0.487945	0.540952	0.590519	0.667927	0.748576	0.708737	0.750979	0.69735	0.78404	0.835507
0.084393	0.077069	0.088747	0.098671	0.131417	0.162314	0.199553	0.241109	0.298904	0.390061	0.540481	0.533362	0.626602	0.673544	0.806125	0.82865
0.060646	0.053392	0.057002	0.059925	0.082091	0.110062	0.20714	0.426046	0.640263	0.741382	0.85853	0.842622	0.901921	0.806427	0.858265	0.851907
0.091816	0.080146	0.084875	0.089383	0.118349	0.14966	0.218469	0.309233	0.381335	0.550246	0.744781	0.732331	0.75026	0.72765	0.852526	0.868048
0.261669	0.241023	0.267011	0.274791	0.307423	0.313621	0.325373	0.401692	0.669861	0.758395	0.822587	0.76854	0.833086	0.776574	0.834235	0.853301
0.068728	0.059842	0.062028	0.059579	0.065903	0.067866	0.082388	0.177972	0.526349	0.770779	0.892636	0.855641	0.897213	0.799438	0.842357	0.842888
0.100913	0.087035	0.091216	0.080774	0.074851	0.064734	0.065977	0.090087	0.258194	0.522911	0.780506	0.793526	0.858577	0.778232	0.840806	0.844576
0.060956	0.058152	0.063463	0.061674	0.067917	0.06174	0.064777	0.083342	0.163801	0.360206	0.708008	0.771956	0.826159	0.772538	0.856815	0.85724
0.074015	0.071165	0.077558	0.079221	0.096259	0.10491	0.123532	0.153066	0.191375	0.365801	0.702266	0.749684	0.78567	0.744129	0.848665	0.853892
0.080367	0.074919	0.079863	0.081917	0.10318	0.118466	0.149848	0.193194	0.237535	0.392376	0.608157	0.620726	0.630514	0.635977	0.804838	0.840351
0.141128	0.128633	0.142384	0.143522	0.156864	0.153611	0.162467	0.21363	0.461949	0.710075	0.871145	0.848632	0.912625	0.824865	0.882823	0.8665
0.107454	0.102618	0.110778	0.111702	0.133601	0.136103	0.149976	0.17611	0.221778	0.404274	0.743807	0.793354	0.839996	0.758937	0.838663	0.817601
0.057083	0.060722	0.068404	0.06814	0.075474	0.067115	0.061941	0.069116	0.06846	0.104751	0.254803	0.335728	0.354538	0.375876	0.603595	0.741014
0.113426	0.104502	0.119148	0.126091	0.14917	0.148456	0.147216	0.161791	0.210606	0.376318	0.636667	0.634975	0.732655	0.721658	0.82647	0.821889
0.066009	0.060921	0.068133	0.065779	0.069186	0.062392	0.066987	0.095628	0.262211	0.437335	0.543052	0.500615	0.583545	0.630198	0.786935	0.797688
0.113604	0.103031	0.108974	0.109451	0.123643	0.121173	0.118842	0.138674	0.15412	0.267451	0.509442	0.570344	0.588173	0.584839	0.757988	0.800172
0.094833	0.087719	0.099932	0.104275	0.120379	0.115326	0.110914	0.121687	0.157866	0.246576	0.407571	0.421846	0.513335	0.578026	0.74747	0.77392
0.3258	0.31366	0.342985	0.362825	0.434392	0.460247	0.490605	0.543985	0.606703	0.718261	0.833946	0.794835	0.831296	0.754174	0.846382	0.82659
0.148501	0.13739	0.147254	0.14938	0.164503	0.154798	0.134716	0.146095	0.144902	0.21973	0.444341	0.516903	0.578851	0.559769	0.699814	0.764082
0.162828	0.150437	0.160821	0.165943	0.196352	0.203779	0.213266	0.241926	0.286737	0.480554	0.816395	0.835675	0.877425	0.78402	0.853884	0.814816
0.052294	0.046329	0.052016	0.053809	0.063771	0.065694	0.078421	0.116268	0.312084	0.580659	0.814183	0.812902	0.876519	0.782755	0.845766	0.81047
0.042288	0.046352	0.05348	0.052954	0.057877	0.048986	0.04491	0.050161	0.057703	0.117168	0.192279	0.197226	0.192622	0.215028	0.411901	0.630322
0.243411	0.219738	0.225031	0.22371	0.252521	0.251037	0.258143	0.304077	0.380284	0.447798	0.615398	0.697725	0.829838	0.767241	0.841914	0.810601
0.196348	0.192239	0.21156	0.213568	0.235076	0.2197	0.203444	0.218151	0.254011	0.402097	0.569576	0.568053	0.569767	0.581365	0.779958	0.807428
0.270741	0.256253	0.288611	0.308575	0.370961	0.388862	0.394352	0.429484	0.497146	0.652337	0.812057	0.778713	0.853766	0.783166	0.856923	0.825301
0.080426	0.077647	0.082541	0.067526	0.060373	0.045611	0.043786	0.056927	0.148874	0.239844	0.286739	0.254437	0.319446	0.392405	0.606408	0.680372
0.391023	0.389365	0.435426	0.450594	0.509047	0.488113	0.484941	0.521132	0.595502	0.733024	0.870171	0.842231	0.91473	0.775858	0.833141	0.799666
0.421837	0.428369	0.484488	0.507029	0.563771	0.536299	0.515252	0.551558	0.615453	0.756956	0.916784	0.872911	0.960897	0.803085	0.862238	0.810538
0.135538	0.127571	0.138736	0.142484	0.162982	0.158914	0.163235	0.185877	0.226036	0.377133	0.568245	0.566175	0.585314	0.568933	0.759285	0.774322
0.070785	0.069038	0.076447	0.07892	0.086926	0.076253	0.073326	0.082755	0.11227	0.233068	0.43528	0.438784	0.53412	0.567793	0.728708	0.754149
0.326779	0.317706	0.351104	0.362844	0.406717	0.388917	0.375249	0.405865	0.453082	0.602512	0.758714	0.737555	0.783927	0.71025	0.833776	0.804412
0.119194	0.116693	0.129518	0.132323	0.144462	0.132765	0.124201	0.134993	0.158048	0.248207	0.338583	0.321618	0.357697	0.340832	0.47439	0.595502
0.083495	0.078629	0.084748	0.082412	0.083919	0.070481	0.060772	0.069467	0.079998	0.162472	0.373988	0.434505	0.499737	0.475605	0.623425	0.703259
0.244486	0.235397	0.259413	0.266934	0.296528	0.27979	0.26736	0.2916	0.346303	0.556457	0.851056	0.845145	0.90561	0.786072	0.858906	0.808074
0.150312	0.142392	0.155249	0.157377	0.173148	0.160823	0.152487	0.169208	0.206038	0.38626	0.725018	0.761507	0.814062	0.731372	0.842402	0.804083
0.221082	0.224974	0.255396	0.257148	0.263177	0.224958	0.195489	0.207738	0.248175	0.440257	0.795345	0.824714	0.926632	0.789215	0.859914	0.812564
0.203987	0.203063	0.228208	0.24145	0.256288	0.22229	0.194432	0.20548	0.243708	0.37969	0.635895	0.656306	0.746261	0.692014	0.808825	0.788109
0.174195	0.168861	0.186049	0.187984	0.204973	0.186974	0.175347	0.19362	0.240197	0.437409	0.802167	0.845213	0.925346	0.792745	0.856798	0.818168
0.317355	0.307418	0.334003	0.339073	0.37174	0.348262	0.322877	0.354744	0.382024	0.546745	0.868608	0.883191	0.952485	0.808536	0.87168	0.814474
0.073991	0.086944	0.103156	0.097622	0.09112	0.066442	0.054845	0.059648	0.072786	0.181652	0.508991	0.637258	0.712393	0.630864	0.797654	0.794354
0.418614	0.424608	0.483153	0.498923	0.537708	0.490026	0.468226	0.499238	0.568959	0.728688	0.912306	0.888301	1.00317	0.814775	0.880506	0.817132
0.165516	0.154647	0.178833	0.188336	0.196556	0.172335	0.145262	0.157947	0.169404	0.292429	0.694154	0.850221	1.022512	0.819263	0.886417	0.81399
0.045432	0.048523	0.055922	0.052692	0.050346	0.039059	0.035177	0.042004	0.050689	0.102799	0.373489	0.675256	0.957615	0.79908	0.873279	0.806106
0.041936	0.043228	0.048929	0.044811	0.043632	0.033633	0.030457	0.034828	0.051375	0.14396	0.479228	0.725864	0.941626	0.78493	0.856688	0.7976
0.05407	0.055795	0.066003	0.062448	0.055259	0.040325	0.032301	0.034997	0.036332	0.06074	0.252258	0.479894	0.732757	0.6975	0.826086	0.792027
0.097954	0.085759	0.08953	0.073127	0.060389	0.046674	0.046073	0.063818	0.202584	0.428541	0.664134	0.645493	0.780411	0.701978	0.823487	0.777012
0.143666	0.130731	0.140925	0.143298	0.155577	0.145297	0.138868	0.160748	0.181675	0.322655	0.716081	0.852121	0.991492	0.808604	0.883304	0.820202
0.055863	0.061829	0.072186	0.066688	0.060371	0.044642	0.036665	0.040181	0.049052	0.136386	0.473846	0.665641	0.785875	0.691642	0.833896	0.800848
0.065387	0.067494	0.076729	0.073094	0.069576	0.054426	0.045473	0.050105	0.062608	0.172815	0.570938	0.796952	0.962303	0.792686	0.876699	0.819367
0.034988	0.03886	0.045273	0.045221	0.046915	0.038972	0.038181	0.054295	0.086893	0.17868	0.522395	0.764567	0.964958	0.781417	0.857393	0.790613
0.065967	0.066178	0.073079	0.06986	0.069944	0.058697	0.056535	0.076505	0.113056	0.267813	0.699825	0.852155	0.995258	0.795639	0.852149	0.798829
0.051956	0.056095	0.062223	0.054484	0.050611	0.038406	0.033732	0.038026	0.045083	0.086263	0.311775	0.550459	0.765145	0.687629	0.818149	0.785438
0.067879	0.066966	0.070177	0.059084	0.054385	0.042135	0.037283	0.049323	0.06402	0.111529	0.342878	0.540984	0.677226	0.615348	0.801025	0.794306
0.061687	0.062703	0.066751	0.058365	0.059628	0.050107	0.046663	0.060966	0.120897	0.252618	0.44267	0.455167	0.50886	0.55707	0.716511	0.820705
0.298171	0.318589	0.350635	0.298194	0.247975	0.198488	0.165838	0.175643	0.238356	0.426832	0.766698	0.811082	0.88013	0.839149	0.902298	0.911334
0.156196	0.156395	0.163478	0.134344	0.108716	0.088614	0.074136	0.093285	0.115155	0.210973	0.460067	0.544103	0.597109	0.595925	0.708783	0.843308
0.328425	0.329687	0.358807	0.328476	0.298302	0.256795	0.230389	0.253679	0.358068	0.559706	0.862332	0.883208	0.930307	0.847277	0.880478	0.914376
0.077524	0.097226	0.112975	0.080559	0.057456	0.042056	0.035258	0.037096	0.038237	0.079089	0.334875	0.635199	0.828631	0.796819	0.869807	0.902351
0.204422	0.200228	0.216091	0.214761	0.216218	0.195943	0.154297	0.15739	0.14959	0.216961	0.48474	0.652826	0.716428	0.706479	0.815098	0.896208
0.122961	0.135885	0.157654	0.146165	0.129411	0.103236	0.080897	0.083639	0.099624	0.233535	0.619767	0.792936	0.88017	0.841727	0.907577	0.930171
0.261681	0.258495	0.292462	0.296542	0.291859	0.257654	0.202014	0.203717	0.210063	0.329266	0.668539	0.769288	0.853854	0.825941	0.892172	0.909515
0.346625	0.350805	0.392108	0.404015	0.439038	0.433765	0.395922	0.407496	0.449625	0.625007	0.838482	0.822961	0.849326	0.80724	0.888323	0.903872
0.09369	0.122585	0.159568	0.13192	0.090852	0.062954	0.047018	0.04827	0.054334	0.14218	0.489241	0.737674	0.857171	0.824996	0.905373	0.921825
0.481133	0.522806	0.596653	0.584079	0.560097	0.493936	0.404049	0.40585	0.428001	0.570834	0.810892	0.818156	0.858177	0.824558	0.903417	0.93094
0.190811	0.21601	0.242651	0.206629	0.159717	0.118209	0.084964	0.088042	0.090961	0.17908	0.453762	0.599804	0.636616	0.661049	0.839777	0.908094
0.30919	0.34393	0.387773	0.347123	0.290848	0.234114	0.176132	0.179739	0.187135	0.311161	0.653085	0.792013	0.855016	0.81514	0.897233	0.912043
0.338311	0.386541	0.446915	0.415709	0.348473	0.2793	0.201506	0.199302	0.187626	0.258578	0.523036	0.656774	0.701167	0.697036	0.816195	0.903627
0.178448	0.205954	0.235592	0.2009	0.160316	0.113995	0.08219	0.085946	0.089423	0.172608	0.410811	0.502853	0.565925	0.559359	0.697352	0.783427
0.157522	0.18181	0.206617	0.174168	0.136002	0.095219	0.069789	0.073166	0.076147	0.153615	0.433703	0.630695	0.751376	0.711084	0.798971	0.835131
0.151404	0.160804	0.17827	0.160948	0.138816	0.104738	0.077866	0.081557	0.085784	0.168058	0.392637	0.478822	0.497975	0.529433	0.748201	0.837742
0.205329	0.233122	0.2596	0.217224	0.175228	0.126353	0.097864	0.100261	0.132338	0.233356	0.47313	0.591943	0.713155	0.713449	0.818975	0.836271
0.148185	0.150581	0.167736	0.168083	0.165098	0.134714	0.108693	0.111586	0.13139	0.226677	0.395615	0.40936	0.461983	0.500418	0.671208	0.761252
0.18976	0.225331	0.259323	0.20789	0.146359	0.098984	0.068585	0.070883	0.074478	0.155938	0.45142	0.679053	0.796563	0.752462	0.848121	0.854021
0.077341	0.076034	0.083012	0.069781	0.060558	0.047126	0.041301	0.047199	0.062265	0.122859	0.301093	0.350918	0.398343	0.438675	0.614362	0.752432
0.052555	0.055454	0.065621	0.066182	0.068044	0.056251	0.046132	0.048488	0.048146	0.075511	0.159484	0.173013	0.200411	0.244254	0.418138	0.609756
0.097311	0.101948	0.118923	0.1191	0.121501	0.101809	0.084819	0.089265	0.107169	0.221578	0.39236	0.396199	0.426404	0.429849	0.572511	0.706725
0.222702	0.216707	0.234165	0.232248	0.245003	0.227249	0.19509	0.204868	0.211864	0.302368	0.442105	0.439376	0.473803	0.474018	0.618407	0.740134
0.051098	0.057172	0.067507	0.069214	0.070085	0.055477	0.043794	0.046748	0.043811	0.061571	0.157113	0.198189	0.240463	0.285967	0.445797	0.596941
0.262857	0.266424	0.298429	0.308969	0.323403	0.287552	0.245315	0.249518	0.280601	0.388352	0.545061	0.53082	0.586137	0.606438	0.755498	0.808093
0.04872	0.056557	0.065138	0.062143	0.061873	0.048067	0.0408	0.043597	0.044289	0.063627	0.112066	0.111482	0.133445	0.167615	0.284175	0.40567
0.045627	0.054519	0.061999	0.056096	0.056243	0.044302	0.038956	0.042146	0.040708	0.056523	0.171264	0.251454	0.3119	0.350522	0.510018	0.635898
0.418477	0.433119	0.488153	0.503086	0.559583	0.530227	0.493865	0.507728	0.540645	0.60359	0.664979	0.639417	0.64616	0.64259	0.814901	0.822842
0.238182	0.243409	0.276699	0.292833	0.318504	0.283007	0.247861	0.257263	0.289832	0.401797	0.555843	0.538785	0.599767	0.60602	0.751987	0.773535
0.081912	0.091158	0.102401	0.087449	0.072941	0.050947	0.04078	0.043258	0.047868	0.095576	0.249388	0.292412	0.347037	0.378187	0.547322	0.654219
0.092008	0.101763	0.115994	0.102182	0.084177	0.058293	0.041786	0.043691	0.042055	0.069686	0.228992	0.357282	0.440292	0.441215	0.588658	0.700839
0.069616	0.075631	0.085291	0.07737	0.068482	0.049422	0.037491	0.039563	0.038201	0.057011	0.156327	0.20149	0.246652	0.285729	0.444797	0.571056
0.089289	0.091282	0.102743	0.105554	0.109243	0.088629	0.073587	0.076149	0.085631	0.130708	0.187963	0.176008	0.205329	0.239948	0.382157	0.509377
0.149655	0.164468	0.192112	0.180969	0.166638	0.128788	0.10132	0.10394	0.123072	0.2272	0.346854	0.335172	0.365612	0.362614	0.505091	0.647093
0.579858	0.63234	0.735938	0.756701	0.80607	0.739399	0.68202	0.728148	0.823813	0.800604	0.852216	0.804415	0.870649	0.779402	0.838303	0.817258
0.11452	0.118044	0.131249	0.126851	0.118982	0.090395	0.071126	0.073121	0.08548	0.140948	0.213176	0.202727	0.236158	0.273816	0.426808	0.549774
0.243879	0.540636	0.653209	0.638434	0.67623	0.625165	0.590849	0.636692	0.750879	0.795104	0.856066	0.814753	0.870358	0.760219	0.806604	0.812858
0.489191	0.520725	0.59391	0.615944	0.674976	0.631895	0.574295	0.610724	0.651407	0.733039	0.880338	0.838957	0.901655	0.795352	0.863356	0.83165
0.467701	0.49204	0.561068	0.579513	0.632112	0.585576	0.531232	0.542478	0.583296	0.658449	0.736014	0.707581	0.731665	0.701973	0.835129	0.823372
0.48025	0.5354	0.62621	0.635758	0.662834	0.5887	0.512182	0.522406	0.569693	0.707797	0.842594	0.804789	0.839871	0.762565	0.846049	0.813641
0.520614	0.559645	0.641476	0.632426	0.633601	0.565716	0.511925	0.582186	0.695925	0.779999	0.873587	0.831964	0.884616	0.779523	0.844202	0.820577
0.575252	0.636209	0.750468	0.775655	0.818211	0.720816	0.63968	0.655103	0.717383	0.779421	0.912796	0.879713	0.967402	0.820777	0.880739	0.82215
0.562606	0.65977	0.783346	0.811391	0.866118	0.769881	0.689064	0.703891	0.755893	0.808039	0.895468	0.843705	0.924454	0.79567	0.857601	0.815448
0.312141	0.331638	0.382731	0.376325	0.369754	0.304651	0.255969	0.26107	0.294416	0.410809	0.526095	0.513952	0.528846	0.525498	0.757579	0.802984
0.293705	0.302557	0.336835	0.323138	0.308953	0.250653	0.201386	0.208812	0.21962	0.307378	0.425831	0.427496	0.433866	0.448926	0.696771	0.776622
0.465024	0.503981	0.57997	0.597015	0.642064	0.581765	0.530199	0.554061	0.612848	0.745426	0.888199	0.854172	0.922121	0.794398	0.865036	0.814641
0.420965	0.457328	0.565543	0.61288	0.622947	0.510289	0.425798	0.431944	0.495327	0.665881	0.851984	0.813847	0.902219	0.790143	0.862471	0.810452
0.521377	0.553453	0.640718	0.670125	0.721488	0.654538	0.581488	0.596296	0.61094	0.665644	0.76741	0.73607	0.788098	0.709896	0.83626	0.806953
0.327689	0.37821	0.449575	0.402777	0.322357	0.228819	0.158493	0.158756	0.153607	0.218035	0.37654	0.40685	0.416484	0.432574	0.681817	0.774584
0.229796	0.255816	0.297254	0.267522	0.216629	0.151449	0.102536	0.104248	0.099986	0.157331	0.327096	0.369838	0.420988	0.403604	0.545197	0.652064
0.311542	0.339827	0.387283	0.35556	0.309077	0.234541	0.177581	0.181083	0.186616	0.267184	0.384845	0.392053	0.398133	0.407804	0.644477	0.74921
0.193623	0.232944	0.276485	0.23069	0.164985	0.105316	0.069036	0.071296	0.067983	0.11052	0.278009	0.358733	0.38804	0.395616	0.634634	0.746765
0.166096	0.20272	0.239069	0.195152	0.13802	0.086971	0.05783	0.059371	0.056435	0.084717	0.174554	0.202379	0.206995	0.226753	0.433366	0.62868
0.156729	0.185651	0.216022	0.178809	0.12879	0.082503	0.055526	0.058143	0.056271	0.09106	0.244189	0.325441	0.349097	0.365074	0.600773	0.738502
0.172766	0.194684	0.221833	0.195872	0.155387	0.105382	0.07184	0.0745	0.070869	0.109778	0.239706	0.285426	0.297042	0.315808	0.552128	0.713052
0.380335	0.441593	0.536017	0.508484	0.452919	0.345791	0.281148	0.288671	0.32604	0.475319	0.644355	0.632229	0.674559	0.614592	0.813974	0.811451
0.114123	0.134613	0.161817	0.14576	0.113981	0.07402	0.054204	0.057307	0.055573	0.078671	0.136014	0.127491	0.180824	0.234848	0.413682	0.523389
0.107181	0.13536	0.160589	0.130246	0.091931	0.058195	0.042184	0.045833	0.043025	0.060321	0.132573	0.164424	0.17764	0.178324	0.352399	0.537562
0.40562	0.444117	0.53153	0.50956	0.433249	0.319571	0.238314	0.243588	0.248896	0.365532	0.599918	0.590385	0.721519	0.652743	0.753517	0.781551
0.044218	0.05511	0.062656	0.057409	0.056093	0.041551	0.035807	0.039369	0.039969	0.055471	0.103518	0.103647	0.131915	0.148359	0.260354	0.353864
0.341232	0.345531	0.393804	0.425644	0.474572	0.436973	0.406711	0.425103	0.446604	0.490061	0.562721	0.512572	0.596332	0.555225	0.723454	0.744588
0.056783	0.062357	0.072058	0.069803	0.071394	0.055206	0.047012	0.050789	0.055378	0.074879	0.105138	0.09436	0.132598	0.175646	0.327026	0.437131
0.065798	0.073704	0.085292	0.089894	0.096761	0.079177	0.064843	0.067405	0.063714	0.081113	0.107281	0.099239	0.122264	0.14067	0.279942	0.440035
0.048293	0.057685	0.065248	0.060547	0.058413	0.043074	0.036194	0.039518	0.040992	0.059781	0.103229	0.100398	0.12664	0.143344	0.251581	0.346387
0.300356	0.301734	0.341403	0.365044	0.398947	0.358995	0.32708	0.342937	0.367604	0.429204	0.515268	0.471996	0.551329	0.52189	0.69495	0.730616
0.161813	0.162811	0.180128	0.178798	0.189511	0.167488	0.156738	0.170123	0.190263	0.263003	0.328081	0.315795	0.329677	0.323722	0.570181	0.716099
0.178237	0.175402	0.190845	0.188921	0.199143	0.175354	0.156664	0.16718	0.167875	0.211382	0.260304	0.256556	0.261354	0.266531	0.500746	0.676964
0.29856	0.303841	0.346003	0.37005	0.402276	0.359545	0.326151	0.339297	0.358601	0.400457	0.463147	0.421653	0.49189	0.474102	0.649846	0.705272
0.100179	0.111705	0.12563	0.115561	0.101625	0.071348	0.055285	0.058506	0.063484	0.10071	0.158353	0.147695	0.1824	0.200391	0.334873	0.442753
