0.142324	0.137689	0.132297	0.134448	0.141016	0.157514	0.189962	0.235713	0.311427	0.399160	0.472843	0.507685	0.494353	0.453942	0.400345	0.335632	0.274536	0.226847	0.189804	0.154344	0.116209	0.097267	0.092191	0.088065	0.083336	0.074921	0.052905	0.035898	0.041461	0.051717	0.099593	
0.505492	0.513348	0.523281	0.534688	0.545761	0.559224	0.572924	0.583041	0.584447	0.580410	0.573499	0.571779	0.573308	0.580084	0.596961	0.632578	0.679793	0.725098	0.753506	0.765362	0.769621	0.772386	0.774248	0.782469	0.794707	0.810747	0.827792	0.839892	0.853559	0.854689	0.862511	
0.154628	0.144114	0.135615	0.133613	0.136838	0.146609	0.165612	0.187049	0.208517	0.215197	0.209385	0.194147	0.177529	0.161980	0.150764	0.141536	0.132796	0.123316	0.117506	0.115120	0.114354	0.112120	0.109797	0.110032	0.118730	0.139383	0.172821	0.219212	0.304566	0.355677	0.435388	
0.422455	0.411398	0.402226	0.404292	0.415432	0.441516	0.491748	0.556503	0.646575	0.725925	0.771935	0.791520	0.792485	0.789767	0.782076	0.768802	0.750765	0.732193	0.713104	0.684705	0.638692	0.616819	0.616449	0.614831	0.609104	0.580660	0.502263	0.428466	0.417844	0.487879	0.624089	
0.046835	0.047819	0.051983	0.054985	0.056216	0.055222	0.050729	0.045329	0.039101	0.034550	0.031058	0.028926	0.028075	0.028116	0.029186	0.031203	0.033533	0.037473	0.046590	0.065588	0.098268	0.137858	0.168796	0.188372	0.202564	0.221810	0.253422	0.300856	0.402676	0.473581	0.585254	
0.332181	0.348639	0.358608	0.365456	0.366142	0.360286	0.345569	0.327893	0.304059	0.282246	0.264082	0.248073	0.240390	0.238705	0.239119	0.247495	0.270731	0.312517	0.365555	0.414498	0.449577	0.464905	0.468401	0.474910	0.494177	0.530277	0.580832	0.639880	0.719435	0.742926	0.782812	
0.348484	0.352748	0.352393	0.356028	0.365037	0.381711	0.408988	0.437583	0.462777	0.469224	0.461421	0.441083	0.417294	0.391501	0.367315	0.344569	0.322113	0.298286	0.276470	0.258658	0.241797	0.230994	0.226560	0.226120	0.233169	0.242077	0.234199	0.213714	0.218841	0.274830	0.396262	
0.425798	0.436214	0.445577	0.452516	0.458973	0.469921	0.485994	0.501763	0.517125	0.529520	0.541616	0.549075	0.549516	0.546757	0.544561	0.543048	0.539591	0.538613	0.542068	0.556175	0.569762	0.575515	0.576412	0.581263	0.600563	0.634806	0.680554	0.728061	0.784878	0.799402	0.824640	
0.101636	0.100188	0.098980	0.098596	0.099442	0.102716	0.108413	0.114537	0.121781	0.128612	0.135334	0.138892	0.139608	0.133894	0.125613	0.116411	0.106508	0.094945	0.085244	0.079304	0.076270	0.072662	0.070760	0.070827	0.077021	0.091962	0.117459	0.153732	0.225749	0.270675	0.340947	
0.073008	0.062041	0.055464	0.055311	0.058071	0.066997	0.087940	0.122567	0.193984	0.298044	0.426552	0.549720	0.615561	0.633069	0.620084	0.581905	0.528541	0.481375	0.438930	0.389030	0.322409	0.288089	0.285008	0.280891	0.271623	0.245069	0.185076	0.127278	0.118906	0.147488	0.237729	
0.077388	0.082851	0.085843	0.085756	0.082833	0.076931	0.070424	0.064573	0.057529	0.050588	0.045155	0.040404	0.037497	0.035213	0.034543	0.034475	0.034737	0.036044	0.039985	0.049410	0.062539	0.072316	0.075881	0.080705	0.087962	0.105240	0.133041	0.172902	0.249026	0.295410	0.369368	
0.058589	0.050237	0.045440	0.044864	0.046481	0.053017	0.067073	0.088704	0.125495	0.159845	0.174134	0.170638	0.158977	0.147725	0.141805	0.137436	0.134313	0.133077	0.135603	0.145360	0.156199	0.159096	0.159166	0.160461	0.170728	0.194706	0.232632	0.283270	0.376343	0.429225	0.510657	
0.505302	0.519639	0.535229	0.549412	0.560301	0.574661	0.594629	0.615333	0.638443	0.659981	0.682439	0.702456	0.714710	0.721680	0.725883	0.729580	0.731013	0.733491	0.741912	0.754597	0.766074	0.773355	0.778736	0.787953	0.800635	0.815961	0.830836	0.842868	0.852642	0.854074	0.858945	
0.348833	0.348547	0.348809	0.348472	0.342668	0.328492	0.303896	0.280005	0.253535	0.231607	0.218082	0.212270	0.213857	0.218644	0.233561	0.268015	0.331119	0.433563	0.562066	0.677837	0.756216	0.795084	0.813683	0.829350	0.841937	0.851504	0.859219	0.860242	0.860448	0.860930	0.862370	
0.108015	0.110977	0.112393	0.112638	0.113445	0.115462	0.119800	0.124935	0.132439	0.140822	0.150777	0.161133	0.169336	0.168825	0.163980	0.148645	0.129173	0.108994	0.092001	0.077340	0.062794	0.054872	0.052338	0.051020	0.050412	0.048537	0.038708	0.031449	0.030690	0.042652	0.080753	
0.078710	0.078497	0.080253	0.081357	0.080491	0.075758	0.066729	0.057641	0.048712	0.042308	0.039172	0.037172	0.037144	0.038640	0.042342	0.049814	0.066499	0.103419	0.168750	0.258750	0.372379	0.498711	0.609706	0.699735	0.760767	0.800106	0.826447	0.839206	0.847962	0.850766	0.855470	
0.346283	0.347420	0.347202	0.349256	0.352169	0.362157	0.381529	0.402793	0.428326	0.455025	0.485844	0.517501	0.539902	0.553259	0.562347	0.568677	0.570655	0.573461	0.584004	0.603234	0.620996	0.629795	0.632698	0.639663	0.657238	0.687756	0.725127	0.762446	0.802144	0.812752	0.829892	
0.329356	0.367800	0.413437	0.466995	0.507624	0.517668	0.490597	0.453422	0.405208	0.362550	0.327546	0.290803	0.263194	0.242909	0.225177	0.207325	0.195004	0.189181	0.185831	0.182733	0.182387	0.183365	0.183964	0.185191	0.188766	0.204008	0.233835	0.279436	0.380276	0.450783	0.565490	
0.150872	0.145241	0.140130	0.139479	0.140935	0.148319	0.163482	0.180742	0.205789	0.237476	0.281868	0.343108	0.417304	0.494870	0.562962	0.616320	0.649427	0.664271	0.668181	0.669270	0.669712	0.669733	0.669562	0.675413	0.691016	0.717984	0.749264	0.779487	0.811100	0.819377	0.833708	
0.031072	0.030011	0.029734	0.029824	0.029953	0.030449	0.031204	0.031778	0.032307	0.032620	0.032697	0.032641	0.032771	0.033065	0.033484	0.034384	0.035870	0.039166	0.042474	0.045238	0.046953	0.047017	0.046585	0.047432	0.050768	0.060506	0.077932	0.104476	0.162757	0.201333	0.261861	
0.382179	0.385444	0.384850	0.385577	0.385682	0.389298	0.398640	0.412606	0.430611	0.450965	0.477026	0.507685	0.538985	0.566888	0.590141	0.607655	0.616401	0.625004	0.640115	0.660937	0.681445	0.697551	0.707497	0.715862	0.726522	0.744885	0.769275	0.795771	0.827862	0.835409	0.848832	
0.188429	0.182097	0.175219	0.177561	0.185013	0.203814	0.239913	0.289354	0.365081	0.441317	0.487875	0.494707	0.471942	0.436694	0.395825	0.348285	0.300622	0.260154	0.226131	0.192185	0.153223	0.133726	0.128831	0.124385	0.119045	0.108709	0.077810	0.054594	0.051233	0.076825	0.146662	
0.459546	0.471297	0.480594	0.487533	0.491137	0.496121	0.506083	0.518549	0.533390	0.548273	0.566310	0.585422	0.602380	0.616930	0.631121	0.644675	0.652443	0.664251	0.688493	0.722139	0.752312	0.771131	0.782551	0.794976	0.808129	0.821803	0.833799	0.842354	0.847700	0.850766	0.854748	
0.530438	0.558339	0.583690	0.607166	0.624913	0.641021	0.657905	0.672500	0.680513	0.678824	0.669509	0.653836	0.635514	0.616446	0.601582	0.589489	0.574308	0.558105	0.544588	0.537768	0.534399	0.529804	0.526196	0.529794	0.547131	0.582831	0.631997	0.687028	0.755470	0.774809	0.806201	
0.038297	0.036917	0.037782	0.038408	0.038369	0.037489	0.035374	0.033037	0.029992	0.027857	0.025840	0.024506	0.024024	0.024013	0.024556	0.025619	0.026905	0.031158	0.038054	0.046652	0.054180	0.057004	0.057989	0.059216	0.064556	0.077304	0.099116	0.131071	0.197339	0.239841	0.306109	
0.026491	0.024069	0.023324	0.023246	0.023332	0.023701	0.024360	0.025178	0.026872	0.028761	0.032225	0.037625	0.045135	0.055989	0.068764	0.081492	0.094345	0.106855	0.117973	0.125386	0.129849	0.129574	0.128270	0.128952	0.138079	0.160005	0.194814	0.242045	0.327006	0.376439	0.453374	
0.413557	0.466287	0.516308	0.567974	0.613749	0.643793	0.662367	0.678677	0.688907	0.688230	0.675552	0.648792	0.612427	0.567070	0.515718	0.457183	0.397992	0.347831	0.305115	0.264366	0.220227	0.195892	0.186595	0.180910	0.177032	0.165351	0.132626	0.104173	0.107721	0.152862	0.243925	
0.082297	0.075177	0.071570	0.069301	0.067390	0.065379	0.062449	0.059807	0.056351	0.054116	0.052957	0.053896	0.056482	0.060858	0.069369	0.087955	0.122819	0.176713	0.229931	0.259910	0.271491	0.269972	0.267555	0.268628	0.282289	0.312707	0.359201	0.419507	0.522227	0.571359	0.644184	
0.126645	0.119635	0.114471	0.112577	0.111052	0.109979	0.107968	0.105328	0.100675	0.097398	0.096000	0.097270	0.102162	0.109640	0.123736	0.154905	0.213390	0.313095	0.440434	0.549347	0.613982	0.638232	0.644806	0.653496	0.671484	0.700730	0.737372	0.772142	0.810848	0.820869	0.838619	
0.264272	0.263708	0.261338	0.262421	0.264236	0.270548	0.282182	0.293395	0.304381	0.314876	0.325605	0.335094	0.344839	0.353617	0.360868	0.373328	0.399581	0.442168	0.490611	0.529700	0.554124	0.562713	0.564661	0.571324	0.589612	0.623943	0.669856	0.718728	0.775842	0.791567	0.817901	
0.061403	0.062123	0.062488	0.062459	0.062726	0.063821	0.066053	0.068513	0.072163	0.076275	0.082608	0.085691	0.085827	0.081101	0.074393	0.065890	0.057291	0.050052	0.045025	0.040853	0.037350	0.035734	0.035763	0.036973	0.038373	0.038444	0.035462	0.030399	0.030256	0.041251	0.076505	
0.218390	0.241699	0.260222	0.269009	0.266923	0.250226	0.222589	0.196409	0.165894	0.139586	0.120383	0.102928	0.090835	0.084488	0.083241	0.082472	0.083276	0.092107	0.116683	0.159198	0.214426	0.263576	0.291812	0.305346	0.316281	0.337518	0.375188	0.431574	0.548580	0.614495	0.710907	
0.141710	0.140989	0.138369	0.136006	0.134060	0.133226	0.134226	0.135826	0.137421	0.138510	0.139939	0.140231	0.139629	0.137806	0.136135	0.133528	0.130539	0.126235	0.125513	0.127340	0.130256	0.130350	0.129188	0.130185	0.139889	0.162186	0.197079	0.243941	0.329830	0.380835	0.460384	
0.216168	0.215919	0.213666	0.214156	0.215737	0.220940	0.229363	0.236429	0.242726	0.248219	0.253444	0.258162	0.263255	0.269482	0.276144	0.288999	0.317024	0.368519	0.438382	0.508515	0.563910	0.594122	0.605922	0.617145	0.636770	0.668209	0.708372	0.747483	0.792826	0.804666	0.825222	
0.336593	0.324222	0.312983	0.312752	0.321243	0.342775	0.383538	0.435467	0.504192	0.559035	0.581261	0.575857	0.560046	0.547462	0.536813	0.524901	0.514203	0.513658	0.514633	0.515790	0.515571	0.511248	0.507315	0.510864	0.527751	0.562462	0.610186	0.664326	0.733827	0.753200	0.787251	
0.118161	0.121633	0.124771	0.126109	0.126242	0.124830	0.120093	0.112804	0.102910	0.093489	0.085141	0.078070	0.075034	0.074215	0.075281	0.078816	0.090510	0.114852	0.150124	0.186131	0.213438	0.225159	0.227152	0.230992	0.245380	0.274344	0.318006	0.374962	0.474483	0.525813	0.602628	
0.148248	0.176820	0.198082	0.221844	0.251551	0.279946	0.316283	0.360517	0.405168	0.426937	0.415613	0.377421	0.329431	0.279119	0.230090	0.180827	0.138017	0.105872	0.082968	0.064550	0.048492	0.041090	0.038833	0.037167	0.035720	0.033271	0.027019	0.024457	0.023559	0.029695	0.049540	
0.080043	0.081294	0.082495	0.083058	0.083269	0.083081	0.081923	0.079475	0.074920	0.070104	0.065686	0.061397	0.059455	0.058338	0.058806	0.060932	0.067187	0.079893	0.095558	0.108414	0.116393	0.117047	0.116458	0.117596	0.126874	0.148391	0.182144	0.228353	0.312019	0.361173	0.438923	
0.153020	0.148468	0.143857	0.143338	0.144453	0.150797	0.163977	0.178394	0.197869	0.220061	0.247813	0.279486	0.306717	0.326570	0.341367	0.352193	0.358510	0.365407	0.383653	0.413929	0.444694	0.461008	0.465249	0.471791	0.490842	0.527234	0.579092	0.640182	0.722269	0.747574	0.787914	
0.151010	0.168387	0.182939	0.192142	0.190509	0.175085	0.148218	0.123393	0.099679	0.081962	0.069517	0.060269	0.056795	0.055838	0.056890	0.060559	0.072297	0.102243	0.160966	0.252319	0.380524	0.529192	0.650610	0.733977	0.782872	0.812471	0.832474	0.842475	0.849102	0.851734	0.856364	
0.059202	0.049418	0.043945	0.043927	0.046005	0.053179	0.070000	0.099837	0.164988	0.264137	0.392659	0.528687	0.623552	0.677889	0.704535	0.710909	0.704159	0.691162	0.674522	0.643944	0.586459	0.553532	0.558613	0.558612	0.549612	0.512941	0.424321	0.331336	0.312533	0.354266	0.477898	
0.277020	0.263923	0.251314	0.249306	0.255708	0.273371	0.307591	0.350451	0.403245	0.439177	0.444942	0.434176	0.413535	0.391642	0.373469	0.357928	0.342462	0.324954	0.310247	0.302207	0.298026	0.292578	0.287171	0.287976	0.301456	0.332771	0.380598	0.443944	0.550123	0.598694	0.669903	
0.130391	0.113108	0.101632	0.099757	0.104948	0.119681	0.151660	0.200500	0.292264	0.419088	0.559684	0.668868	0.710881	0.719019	0.719063	0.717493	0.711474	0.704724	0.700738	0.699927	0.700436	0.700877	0.701265	0.705903	0.720116	0.743556	0.771105	0.796709	0.825744	0.831225	0.844052	
0.294773	0.322522	0.340117	0.354337	0.365148	0.370230	0.372231	0.371932	0.360672	0.342311	0.320970	0.296461	0.272778	0.248242	0.225661	0.204053	0.183247	0.161904	0.143397	0.128134	0.113161	0.104235	0.101045	0.100246	0.102339	0.101568	0.093878	0.077658	0.078433	0.114637	0.198101	
0.080361	0.074972	0.071048	0.071267	0.074245	0.083233	0.101518	0.126960	0.165350	0.198505	0.211476	0.205394	0.188916	0.168129	0.147747	0.127287	0.107600	0.089918	0.075519	0.064072	0.053528	0.047588	0.045575	0.044782	0.044688	0.043729	0.037717	0.031247	0.030538	0.040424	0.072769	
0.344824	0.340883	0.334495	0.335989	0.339890	0.354176	0.381539	0.413956	0.455369	0.497724	0.541284	0.584757	0.618484	0.638573	0.645729	0.646806	0.639865	0.627153	0.612141	0.602176	0.596153	0.590613	0.586929	0.590672	0.607243	0.639574	0.682253	0.727103	0.779997	0.793715	0.817028	
0.329505	0.348988	0.365714	0.380476	0.390448	0.382045	0.346286	0.305606	0.257924	0.223045	0.197903	0.171020	0.154099	0.151243	0.149967	0.145585	0.147154	0.176663	0.247236	0.352482	0.471014	0.560418	0.605442	0.627298	0.643349	0.666120	0.700100	0.739028	0.791323	0.805240	0.829310	
0.196892	0.178582	0.165420	0.163529	0.169925	0.187487	0.222690	0.271048	0.346844	0.422756	0.468319	0.477741	0.467669	0.454214	0.446752	0.443702	0.441208	0.440557	0.450321	0.471478	0.493125	0.502180	0.503898	0.509651	0.527070	0.562371	0.611036	0.666909	0.738022	0.757738	0.790806	
0.215713	0.217221	0.216400	0.217282	0.218241	0.220040	0.221489	0.221285	0.217132	0.211860	0.206731	0.201890	0.201472	0.202777	0.207593	0.219917	0.247499	0.300790	0.381620	0.479425	0.578589	0.651942	0.690820	0.715057	0.736415	0.760617	0.785333	0.806516	0.830171	0.834502	0.846553	
0.131311	0.130937	0.129389	0.129653	0.130704	0.133762	0.138325	0.141629	0.144104	0.145243	0.145881	0.144923	0.143891	0.141919	0.140130	0.139597	0.141750	0.145362	0.147004	0.147252	0.146689	0.143295	0.140510	0.140787	0.151023	0.174490	0.211660	0.260317	0.348790	0.399772	0.478782	
0.464508	0.480539	0.492349	0.500628	0.504410	0.508726	0.515290	0.522891	0.530582	0.536264	0.542943	0.547626	0.549193	0.548884	0.548132	0.547905	0.543254	0.538918	0.539182	0.547262	0.555725	0.557296	0.557083	0.560793	0.579434	0.613667	0.659107	0.709729	0.767471	0.784227	0.811072	
0.081916	0.071068	0.063840	0.063681	0.066964	0.077639	0.101952	0.140793	0.215703	0.314585	0.410023	0.464673	0.464586	0.438942	0.406771	0.375661	0.348806	0.324265	0.300461	0.280555	0.264233	0.258006	0.257875	0.258159	0.258161	0.257465	0.246576	0.222391	0.218639	0.266904	0.380625	
0.214116	0.214731	0.211516	0.208322	0.206520	0.206171	0.208618	0.212086	0.215723	0.218573	0.222536	0.225077	0.226070	0.225650	0.225036	0.223472	0.220038	0.216832	0.216407	0.222934	0.230217	0.230290	0.229100	0.230850	0.243987	0.273542	0.318410	0.378443	0.482380	0.535674	0.614217	
0.242521	0.252171	0.255430	0.256179	0.255201	0.253756	0.251159	0.247048	0.234634	0.216172	0.197661	0.178531	0.161980	0.148128	0.139686	0.133497	0.127615	0.122059	0.121601	0.123870	0.126790	0.126973	0.125760	0.126689	0.136198	0.158179	0.193014	0.240390	0.325866	0.376772	0.455192	
0.038699	0.037071	0.036932	0.037054	0.037315	0.037823	0.038200	0.038125	0.037309	0.036328	0.034849	0.033548	0.033124	0.033337	0.034190	0.035828	0.040171	0.049880	0.065226	0.081624	0.094639	0.099328	0.099872	0.101643	0.110128	0.129574	0.160899	0.204300	0.283377	0.330681	0.404487	
0.343014	0.355484	0.362314	0.365304	0.365351	0.364899	0.364912	0.364083	0.357250	0.346230	0.335127	0.321975	0.308118	0.295420	0.289481	0.285585	0.282530	0.281298	0.289050	0.306623	0.324173	0.330638	0.330879	0.333665	0.350272	0.384564	0.436162	0.502250	0.606187	0.648929	0.711439	
0.123376	0.125486	0.127290	0.127952	0.128442	0.128714	0.128017	0.125327	0.119919	0.113608	0.107553	0.101217	0.097869	0.095698	0.095186	0.096356	0.102359	0.113545	0.125239	0.133486	0.137769	0.137123	0.135706	0.136811	0.147129	0.170179	0.206948	0.255464	0.345159	0.396989	0.477868	
0.214422	0.203634	0.193628	0.190095	0.191117	0.198392	0.214725	0.235129	0.263338	0.294215	0.331024	0.377632	0.436007	0.504629	0.574009	0.634739	0.677557	0.702748	0.717677	0.726117	0.731242	0.735468	0.738945	0.746647	0.759984	0.778886	0.798205	0.814043	0.831271	0.834008	0.843028	
0.066237	0.064060	0.061321	0.061094	0.062229	0.065490	0.072797	0.080986	0.093187	0.108272	0.128406	0.153753	0.178375	0.197636	0.213303	0.225300	0.232817	0.240449	0.259054	0.290038	0.323510	0.342900	0.349056	0.355051	0.373231	0.408919	0.460198	0.526122	0.626519	0.665657	0.724023	
0.079948	0.068343	0.061290	0.060830	0.063628	0.073593	0.096258	0.133176	0.205407	0.301903	0.400290	0.466696	0.483299	0.473922	0.457174	0.438804	0.417531	0.393626	0.370260	0.352400	0.335998	0.323956	0.319037	0.319169	0.328614	0.344162	0.346642	0.325877	0.326623	0.378597	0.497853	
0.105159	0.102750	0.100311	0.099696	0.099675	0.100754	0.102860	0.104784	0.106775	0.108523	0.110539	0.111124	0.112158	0.115154	0.116644	0.115826	0.115705	0.127573	0.151618	0.173545	0.188922	0.197809	0.201243	0.203489	0.207881	0.221993	0.252006	0.299151	0.400407	0.473652	0.590124	
0.471934	0.481513	0.488694	0.496993	0.508284	0.526358	0.553349	0.580039	0.600560	0.603996	0.593095	0.574075	0.553133	0.533823	0.522013	0.514631	0.505289	0.496771	0.497165	0.502492	0.509374	0.510269	0.509192	0.512199	0.530405	0.566347	0.615829	0.671661	0.744053	0.765159	0.799834	
0.086433	0.086663	0.087328	0.087711	0.088146	0.088503	0.087737	0.085610	0.081492	0.076787	0.072221	0.068042	0.066388	0.065868	0.066968	0.070091	0.079653	0.098979	0.125036	0.148952	0.166465	0.172092	0.172549	0.175038	0.187881	0.214263	0.254322	0.307565	0.401314	0.453778	0.533595	
0.311382	0.354562	0.407284	0.470142	0.516913	0.527693	0.503025	0.471003	0.427521	0.383383	0.344678	0.307023	0.275428	0.245893	0.221010	0.200933	0.185027	0.170692	0.157958	0.150020	0.149339	0.150201	0.151067	0.152204	0.155110	0.168495	0.195249	0.237969	0.331171	0.401314	0.516843	
0.053447	0.051723	0.050601	0.049527	0.048215	0.047099	0.046387	0.045833	0.044656	0.043383	0.041706	0.039991	0.038918	0.038267	0.038791	0.039999	0.041506	0.044447	0.054770	0.078785	0.119645	0.162942	0.189706	0.207169	0.227393	0.258834	0.303900	0.362815	0.464569	0.517433	0.595889	
0.310800	0.334428	0.353796	0.372523	0.384891	0.377817	0.342268	0.301979	0.254773	0.219448	0.193971	0.166560	0.148910	0.144227	0.142067	0.136507	0.136388	0.159340	0.210025	0.270777	0.321961	0.351999	0.364326	0.369292	0.376220	0.397649	0.438377	0.498578	0.616242	0.672655	0.755476	
0.106386	0.101274	0.097178	0.096875	0.098246	0.104052	0.115641	0.129559	0.150253	0.176989	0.214784	0.268089	0.333553	0.404294	0.469219	0.522165	0.557238	0.575539	0.586910	0.596620	0.604145	0.606741	0.607758	0.612751	0.630680	0.663127	0.703741	0.744779	0.791363	0.803385	0.823676	
0.274280	0.270850	0.263284	0.262523	0.266730	0.278176	0.298627	0.320316	0.336910	0.338713	0.326892	0.307657	0.287460	0.267799	0.252366	0.239326	0.226544	0.212423	0.201459	0.195685	0.193081	0.188404	0.185086	0.185314	0.196737	0.222601	0.262816	0.315849	0.410956	0.463841	0.543949	
0.076256	0.074367	0.074375	0.073436	0.070320	0.063831	0.053979	0.045148	0.038034	0.033304	0.030043	0.028483	0.028256	0.029053	0.030780	0.035747	0.045756	0.071632	0.122790	0.196723	0.279983	0.344787	0.378423	0.398875	0.423185	0.460894	0.513497	0.577416	0.670057	0.703147	0.754924	
0.048517	0.041651	0.038314	0.038204	0.039860	0.045734	0.059612	0.083575	0.135156	0.207539	0.279917	0.323676	0.324211	0.301338	0.268820	0.229349	0.189358	0.155194	0.128358	0.104253	0.079349	0.065818	0.062375	0.059828	0.058018	0.052808	0.039264	0.027625	0.030841	0.036622	0.066954	
0.137098	0.125855	0.117625	0.116110	0.118313	0.123960	0.131470	0.136219	0.136495	0.130511	0.121861	0.115373	0.114375	0.115507	0.122142	0.139688	0.175162	0.239760	0.338739	0.463654	0.600618	0.709578	0.769515	0.804671	0.825658	0.839068	0.848966	0.852655	0.852642	0.853579	0.855581	
0.391330	0.394789	0.391342	0.390363	0.390356	0.393810	0.405666	0.421211	0.442658	0.467737	0.501418	0.543105	0.590399	0.637596	0.677680	0.708031	0.725833	0.737434	0.749370	0.761109	0.771691	0.779251	0.785673	0.794426	0.804306	0.815707	0.827762	0.837814	0.845279	0.848679	0.853783	
0.040646	0.039018	0.039051	0.039559	0.040063	0.040706	0.041794	0.042971	0.044324	0.045373	0.046361	0.046848	0.046647	0.045566	0.044228	0.042190	0.040434	0.038558	0.037424	0.037322	0.038349	0.039876	0.040944	0.041917	0.043132	0.046934	0.054634	0.069758	0.115497	0.161746	0.243353	
0.080847	0.074316	0.071509	0.069933	0.068221	0.065096	0.060026	0.054941	0.049598	0.047312	0.046070	0.045901	0.046758	0.053519	0.069419	0.091176	0.113894	0.145271	0.194539	0.248259	0.289636	0.307349	0.311366	0.317222	0.332153	0.362349	0.406626	0.464536	0.559754	0.602647	0.668839	
0.107909	0.097186	0.089273	0.089086	0.092770	0.105255	0.132086	0.172027	0.243018	0.332925	0.426351	0.503687	0.538532	0.537099	0.506820	0.451346	0.388491	0.336540	0.293430	0.248758	0.195833	0.169042	0.163757	0.157882	0.151836	0.133855	0.093564	0.061979	0.057224	0.082582	0.152929	
0.562060	0.591363	0.622803	0.649912	0.669316	0.685804	0.702789	0.717124	0.725753	0.725533	0.719269	0.707933	0.693719	0.681901	0.674905	0.672284	0.667398	0.667788	0.671920	0.684349	0.695889	0.702182	0.704692	0.710959	0.725780	0.749470	0.776900	0.802006	0.828548	0.834814	0.847567	
0.209810	0.252724	0.303717	0.372116	0.440133	0.473755	0.464653	0.440596	0.397609	0.351747	0.309659	0.268512	0.233235	0.200176	0.170911	0.145534	0.125429	0.108629	0.094054	0.082570	0.073314	0.069704	0.068465	0.068034	0.067504	0.066055	0.059498	0.051395	0.050487	0.067628	0.114395	
0.079313	0.076478	0.073894	0.073741	0.074893	0.078398	0.085920	0.094023	0.105738	0.119557	0.137304	0.158989	0.182295	0.204057	0.223159	0.244052	0.275942	0.327032	0.396517	0.469728	0.532666	0.570741	0.588112	0.602598	0.623390	0.655266	0.694832	0.733287	0.778888	0.791184	0.812960	
0.056917	0.047614	0.042819	0.042440	0.044230	0.051095	0.067184	0.094406	0.151662	0.233175	0.328249	0.422799	0.497881	0.556213	0.593995	0.603222	0.584942	0.556483	0.523839	0.476678	0.405713	0.368137	0.367172	0.364633	0.353413	0.320791	0.247618	0.177190	0.164925	0.197985	0.300706	
0.092485	0.088845	0.087072	0.086978	0.087954	0.091043	0.097500	0.103837	0.111304	0.119045	0.127381	0.135811	0.144627	0.152766	0.160136	0.170638	0.191938	0.230171	0.280759	0.329466	0.365957	0.382551	0.386206	0.392167	0.409123	0.445395	0.497399	0.561889	0.659155	0.693124	0.745735	
0.053648	0.049776	0.047283	0.047501	0.049128	0.053695	0.062187	0.073611	0.092352	0.116231	0.148223	0.190845	0.238274	0.279291	0.297542	0.282374	0.247621	0.210365	0.178169	0.146011	0.110592	0.091861	0.086968	0.083263	0.080072	0.071614	0.051186	0.034486	0.038758	0.046948	0.087642	
0.378138	0.385055	0.387656	0.391574	0.396501	0.405635	0.420092	0.433483	0.446281	0.458281	0.470692	0.481618	0.493043	0.503903	0.516061	0.535524	0.567154	0.618101	0.676747	0.725772	0.758602	0.776966	0.787825	0.799268	0.810193	0.820343	0.828925	0.832648	0.835386	0.837628	0.840869	
0.251133	0.251812	0.247362	0.244337	0.242668	0.243094	0.247010	0.252972	0.260661	0.268659	0.278701	0.288034	0.293990	0.294624	0.291943	0.284404	0.273322	0.257346	0.242277	0.232916	0.227719	0.221945	0.216972	0.217608	0.229966	0.257566	0.300280	0.357457	0.457409	0.510496	0.589371	
0.582341	0.614345	0.643434	0.671163	0.687922	0.695657	0.697489	0.695220	0.686461	0.672854	0.661194	0.650826	0.647274	0.647848	0.654173	0.671839	0.698138	0.731453	0.763332	0.785082	0.798694	0.806978	0.813030	0.823162	0.833243	0.842121	0.849543	0.852161	0.853176	0.853590	0.856615	
0.361772	0.359213	0.353263	0.352393	0.355303	0.365728	0.386919	0.413171	0.446251	0.478731	0.513021	0.550263	0.587103	0.621617	0.651469	0.675646	0.691005	0.706022	0.729413	0.757609	0.782272	0.797950	0.808175	0.819646	0.830630	0.840376	0.847449	0.849709	0.850947	0.851684	0.853954	
0.112046	0.108774	0.105512	0.105093	0.106195	0.109959	0.118023	0.125912	0.135146	0.145002	0.155996	0.167094	0.179000	0.189752	0.199956	0.214424	0.243067	0.297516	0.378318	0.472425	0.560842	0.618605	0.646050	0.663965	0.685108	0.714302	0.748061	0.780244	0.814257	0.823108	0.838458	
0.307246	0.309868	0.306318	0.303822	0.302078	0.302413	0.306562	0.312840	0.319448	0.325770	0.333548	0.340923	0.345716	0.349000	0.351859	0.353748	0.354574	0.354622	0.361277	0.377380	0.392685	0.397833	0.397732	0.400659	0.417552	0.452232	0.502667	0.563856	0.654879	0.688325	0.740744	
0.209725	0.219444	0.222072	0.221345	0.216812	0.210491	0.203328	0.196470	0.186445	0.174587	0.164612	0.153663	0.143468	0.134177	0.128992	0.124359	0.120107	0.116839	0.116744	0.120329	0.125302	0.125729	0.124873	0.126108	0.136046	0.158483	0.194106	0.242600	0.329809	0.381228	0.461398	
0.575062	0.605954	0.639124	0.667507	0.685712	0.700310	0.715327	0.729064	0.742772	0.752415	0.762001	0.767669	0.769761	0.770915	0.771746	0.773225	0.774239	0.776802	0.785555	0.797200	0.807562	0.814364	0.820578	0.830054	0.840036	0.849404	0.856135	0.859566	0.860095	0.860930	0.862611	
0.045375	0.043465	0.043208	0.043204	0.043531	0.044388	0.045560	0.046276	0.046548	0.046378	0.045688	0.044613	0.043745	0.042642	0.041888	0.041392	0.041527	0.041984	0.042038	0.041880	0.041713	0.040794	0.040128	0.040673	0.043427	0.051986	0.067223	0.091430	0.147195	0.186047	0.247139	
0.497261	0.535869	0.573697	0.604213	0.617267	0.616652	0.605229	0.591192	0.565979	0.534636	0.506918	0.479151	0.454861	0.436260	0.428149	0.425889	0.425535	0.429488	0.450880	0.487545	0.527376	0.557255	0.572108	0.579887	0.590903	0.614692	0.653788	0.703937	0.773361	0.794814	0.827643	
0.171280	0.165959	0.159922	0.157226	0.157889	0.161540	0.171346	0.182404	0.194376	0.203298	0.208178	0.209995	0.209201	0.202495	0.193095	0.181676	0.168969	0.153238	0.138743	0.129355	0.124099	0.118986	0.115091	0.115445	0.124007	0.144850	0.177856	0.223793	0.305907	0.354830	0.431100	
0.071717	0.071519	0.071734	0.072132	0.072673	0.073370	0.073029	0.071676	0.068399	0.065170	0.061503	0.058255	0.057631	0.058146	0.059896	0.065032	0.077134	0.107473	0.163283	0.241686	0.333765	0.412604	0.456854	0.483820	0.512021	0.552085	0.604453	0.663116	0.739323	0.760813	0.797645	
0.108195	0.103088	0.098929	0.097578	0.097688	0.100430	0.108150	0.117569	0.131443	0.148781	0.172415	0.202907	0.237891	0.270974	0.295272	0.307771	0.307472	0.298894	0.284417	0.273585	0.267179	0.260638	0.255142	0.255988	0.269264	0.299611	0.346218	0.406744	0.510841	0.561346	0.635196	
0.284087	0.286424	0.283157	0.280515	0.279253	0.279875	0.284261	0.291370	0.299329	0.307390	0.317451	0.326747	0.332565	0.333415	0.331642	0.325715	0.316062	0.302300	0.289477	0.282641	0.279004	0.273889	0.268902	0.270188	0.283540	0.314127	0.360253	0.420849	0.523820	0.572458	0.644244	
0.274333	0.270911	0.264912	0.263785	0.265483	0.272369	0.286028	0.300881	0.317969	0.337206	0.361962	0.392866	0.425829	0.456916	0.490809	0.541048	0.606515	0.675654	0.724475	0.748126	0.758571	0.762399	0.765027	0.773202	0.785506	0.801658	0.818327	0.831962	0.843323	0.845553	0.853452	
0.420984	0.421757	0.418782	0.423802	0.432082	0.452654	0.489144	0.531546	0.582726	0.626195	0.657484	0.677406	0.684267	0.684693	0.679929	0.672617	0.661337	0.647404	0.632667	0.623136	0.616154	0.611392	0.608992	0.611803	0.628697	0.658826	0.697663	0.736133	0.780058	0.795107	0.818956	
0.486809	0.504628	0.517967	0.531603	0.542698	0.557484	0.578557	0.600724	0.625913	0.650886	0.677694	0.702224	0.719214	0.729664	0.736072	0.739961	0.741729	0.743748	0.749939	0.759410	0.768092	0.773692	0.777900	0.786852	0.798663	0.813283	0.827489	0.837844	0.847569	0.848679	0.853613	
0.135236	0.173592	0.218028	0.277898	0.342293	0.378049	0.376542	0.361313	0.324007	0.282306	0.243560	0.204618	0.171845	0.141193	0.114959	0.092499	0.074564	0.060928	0.050492	0.042572	0.035964	0.033470	0.032478	0.031968	0.031317	0.029812	0.026655	0.024083	0.023418	0.029332	0.046066	
0.110649	0.095567	0.086550	0.087426	0.093074	0.110091	0.149379	0.212852	0.331918	0.473998	0.574193	0.602820	0.594702	0.588915	0.584976	0.572645	0.556843	0.560528	0.577074	0.567500	0.525582	0.516736	0.515047	0.503056	0.477166	0.422440	0.336379	0.296790	0.333349	0.432492	0.574538	
0.050918	0.047912	0.046526	0.045190	0.043257	0.040170	0.036030	0.032805	0.029600	0.027716	0.026333	0.025765	0.025838	0.026583	0.028147	0.031163	0.038744	0.059600	0.107030	0.189997	0.310931	0.459192	0.592631	0.695230	0.757819	0.794456	0.817266	0.829228	0.836475	0.840431	0.848662	
0.101139	0.106735	0.109843	0.113025	0.117755	0.124526	0.135225	0.146163	0.158959	0.171703	0.184661	0.193835	0.192937	0.185579	0.169044	0.147221	0.123901	0.102304	0.084908	0.070513	0.056576	0.049302	0.046871	0.045546	0.044769	0.042664	0.035118	0.028866	0.028441	0.039305	0.073452	
0.262442	0.259036	0.253813	0.253022	0.254816	0.261798	0.275186	0.289193	0.304814	0.320665	0.339882	0.360868	0.380079	0.395352	0.414005	0.440875	0.471554	0.508104	0.562005	0.636038	0.715309	0.771774	0.802126	0.822469	0.836914	0.847893	0.855337	0.858739	0.858572	0.859569	0.862179	
0.208477	0.228522	0.237379	0.249896	0.268505	0.291357	0.326288	0.370169	0.419691	0.451668	0.453921	0.431175	0.394630	0.352609	0.308357	0.260199	0.214310	0.176338	0.146192	0.118813	0.090592	0.076416	0.072178	0.069135	0.066782	0.060304	0.043511	0.031661	0.030639	0.046302	0.092764	
0.139013	0.135927	0.131693	0.129877	0.128584	0.128815	0.130965	0.133781	0.137421	0.140932	0.146182	0.152213	0.161345	0.172605	0.184046	0.199186	0.227090	0.278409	0.354337	0.441859	0.523981	0.577810	0.603372	0.621049	0.643827	0.676304	0.716350	0.754707	0.798342	0.810201	0.831238	
0.122266	0.132638	0.137447	0.143918	0.156378	0.173699	0.202106	0.238333	0.284554	0.318786	0.325897	0.307980	0.276849	0.240399	0.203487	0.164458	0.128758	0.100439	0.079685	0.063258	0.048390	0.041396	0.039200	0.037636	0.036370	0.033474	0.028192	0.025102	0.024013	0.030583	0.052282	
0.087057	0.084829	0.083724	0.083465	0.084283	0.086511	0.089807	0.092260	0.094415	0.095720	0.097006	0.098257	0.100227	0.103793	0.108139	0.116916	0.136641	0.176135	0.237786	0.311568	0.385040	0.435709	0.459516	0.475706	0.499139	0.536231	0.586545	0.643673	0.719657	0.742391	0.781316	
0.429067	0.441614	0.447349	0.457831	0.475755	0.502151	0.545404	0.596834	0.657898	0.705706	0.733365	0.743565	0.742301	0.730370	0.706795	0.666699	0.616249	0.570694	0.528096	0.475386	0.407150	0.378726	0.375088	0.368507	0.358080	0.325548	0.253513	0.197228	0.190209	0.249551	0.383799	
0.274915	0.280369	0.279922	0.278438	0.274853	0.270751	0.268856	0.267743	0.264294	0.258510	0.253756	0.247882	0.241488	0.235993	0.235709	0.236004	0.237775	0.240946	0.257133	0.285032	0.314224	0.330107	0.333939	0.339587	0.355386	0.388560	0.438367	0.502452	0.604936	0.646802	0.710234	
0.090009	0.088548	0.085587	0.083536	0.082154	0.082029	0.083770	0.086306	0.089816	0.093007	0.097318	0.102052	0.105225	0.108319	0.110611	0.111615	0.111830	0.111680	0.113858	0.121856	0.130144	0.131900	0.131850	0.133458	0.143610	0.166517	0.202802	0.251216	0.339754	0.390626	0.469965	
0.256348	0.275901	0.285686	0.295585	0.307858	0.320682	0.337332	0.353051	0.359485	0.353798	0.337379	0.313859	0.289203	0.263171	0.238605	0.213899	0.189652	0.165959	0.145440	0.127635	0.109339	0.098889	0.095537	0.093997	0.094103	0.092641	0.076951	0.060072	0.059544	0.088935	0.162158	
0.141319	0.141327	0.141502	0.141454	0.139850	0.131526	0.113299	0.095071	0.076541	0.063552	0.055320	0.048670	0.045670	0.045848	0.047416	0.050410	0.054974	0.075058	0.127556	0.225681	0.372216	0.543127	0.676682	0.761266	0.806655	0.831338	0.846812	0.853462	0.855032	0.856574	0.859799	
0.055531	0.048106	0.044119	0.043265	0.043693	0.045815	0.049436	0.052432	0.055385	0.057492	0.060066	0.062705	0.066509	0.082199	0.123837	0.205336	0.320757	0.453024	0.582704	0.684349	0.748265	0.779598	0.795781	0.810328	0.822699	0.833590	0.841726	0.845441	0.845874	0.846935	0.849987	
0.199770	0.181010	0.166761	0.164690	0.171436	0.190653	0.229111	0.284599	0.379694	0.492298	0.586147	0.635391	0.641459	0.636638	0.630445	0.627135	0.620155	0.616124	0.616510	0.624154	0.632046	0.634733	0.635432	0.639561	0.655774	0.684764	0.721082	0.757472	0.797596	0.807973	0.825875	
0.214697	0.213440	0.209970	0.210328	0.211691	0.218219	0.230989	0.244217	0.259121	0.274860	0.291953	0.305916	0.311665	0.311187	0.304836	0.293795	0.281477	0.267908	0.255548	0.246957	0.241216	0.234860	0.229753	0.230554	0.242899	0.271412	0.314517	0.371875	0.471921	0.523705	0.600318	
0.332848	0.339233	0.338878	0.341202	0.344463	0.352497	0.365447	0.377202	0.377390	0.370510	0.354039	0.332576	0.311968	0.292930	0.278636	0.266773	0.254977	0.241980	0.232451	0.228886	0.226975	0.223067	0.219930	0.220166	0.231959	0.259362	0.301291	0.356307	0.453919	0.506443	0.585204	
0.340772	0.327481	0.315389	0.315206	0.325167	0.349604	0.397974	0.463588	0.561892	0.656394	0.714503	0.737101	0.735811	0.725148	0.711789	0.699135	0.685864	0.672664	0.659798	0.652145	0.651893	0.655033	0.658291	0.663435	0.674554	0.696875	0.729789	0.767137	0.815427	0.827605	0.848310	
0.103022	0.106428	0.108870	0.109420	0.109339	0.109079	0.108100	0.105953	0.101752	0.096514	0.090893	0.084544	0.078501	0.072350	0.066837	0.062376	0.058910	0.054401	0.050888	0.047884	0.046259	0.044528	0.043668	0.044313	0.047392	0.056713	0.073088	0.098715	0.155828	0.195474	0.256981	
0.361814	0.365003	0.364045	0.366872	0.371202	0.384028	0.408776	0.436838	0.473194	0.514165	0.562952	0.618134	0.668214	0.707002	0.732087	0.747191	0.754377	0.758213	0.760527	0.762574	0.764963	0.767367	0.771280	0.779859	0.791494	0.804742	0.816285	0.825716	0.832047	0.835258	0.839252	
0.052812	0.053895	0.054829	0.055138	0.055019	0.054626	0.053444	0.051646	0.048511	0.045684	0.042189	0.038713	0.036338	0.033771	0.032082	0.030527	0.029344	0.028047	0.026867	0.026048	0.025739	0.025319	0.025134	0.025597	0.027057	0.030897	0.038101	0.051365	0.087994	0.118640	0.168505	
0.218443	0.221852	0.221683	0.222424	0.223747	0.227505	0.233280	0.237648	0.240452	0.241486	0.241921	0.240280	0.238888	0.236094	0.233278	0.233317	0.236824	0.242243	0.244320	0.244831	0.244376	0.240134	0.235945	0.237007	0.249976	0.279233	0.323335	0.381591	0.483469	0.536329	0.614156	
0.305415	0.348393	0.384472	0.427926	0.473798	0.508898	0.539377	0.564553	0.569974	0.555126	0.522311	0.478356	0.433326	0.387096	0.342436	0.298511	0.259409	0.226117	0.197598	0.169810	0.140470	0.126239	0.122894	0.119553	0.115141	0.106589	0.080116	0.058337	0.055933	0.083711	0.154305	
0.147603	0.144052	0.138789	0.135742	0.134293	0.134895	0.139203	0.144692	0.152639	0.161785	0.173139	0.185811	0.197925	0.206648	0.213030	0.214242	0.214138	0.208966	0.208166	0.209920	0.213009	0.212428	0.210444	0.211624	0.224323	0.252464	0.296235	0.354471	0.457025	0.511988	0.592756	
0.069305	0.064982	0.062539	0.060830	0.058081	0.053159	0.046387	0.041107	0.036494	0.034620	0.033964	0.034564	0.035925	0.043025	0.064627	0.116280	0.194873	0.268982	0.319900	0.353469	0.377527	0.386907	0.388532	0.392738	0.409957	0.445872	0.498036	0.563786	0.661939	0.697803	0.752474	
0.331176	0.349777	0.358700	0.361577	0.358750	0.350271	0.339694	0.329847	0.313631	0.295501	0.280088	0.264082	0.249389	0.237203	0.231281	0.227228	0.224014	0.223410	0.227757	0.241758	0.256568	0.261495	0.261211	0.263674	0.278466	0.309319	0.355794	0.417005	0.521965	0.573012	0.648040	
0.056176	0.054131	0.052341	0.051299	0.050294	0.050023	0.050607	0.051485	0.052446	0.053081	0.053882	0.054500	0.054789	0.055173	0.056012	0.056651	0.057160	0.058131	0.062147	0.071408	0.081948	0.087056	0.088253	0.090501	0.098699	0.117341	0.147561	0.189761	0.268743	0.316494	0.391431	
0.255978	0.239906	0.226464	0.225469	0.234465	0.256801	0.301090	0.364104	0.464589	0.570261	0.636671	0.652829	0.639696	0.611516	0.580688	0.553257	0.528116	0.504151	0.480816	0.463471	0.456743	0.457121	0.457996	0.459701	0.465595	0.485777	0.519281	0.561586	0.641465	0.691531	0.771504	
0.085069	0.073537	0.066696	0.066247	0.068698	0.077862	0.097570	0.126496	0.177478	0.240923	0.313489	0.396933	0.485093	0.572201	0.647293	0.705628	0.744420	0.768795	0.785870	0.797393	0.805228	0.811365	0.818232	0.828565	0.839263	0.848917	0.856095	0.859829	0.861638	0.862574	0.864308	
0.103403	0.098579	0.094065	0.091367	0.089900	0.090071	0.092634	0.096492	0.102034	0.108473	0.116843	0.126700	0.136505	0.145800	0.155425	0.163469	0.169010	0.175537	0.192141	0.219403	0.249361	0.267156	0.272299	0.278699	0.294308	0.326543	0.374723	0.438606	0.544667	0.594318	0.666318	
0.501768	0.521934	0.540973	0.557252	0.566649	0.574438	0.581919	0.587001	0.588704	0.588440	0.589797	0.592329	0.595195	0.599379	0.610570	0.632517	0.657462	0.685466	0.719283	0.754709	0.784779	0.803153	0.815060	0.826873	0.838012	0.847984	0.855387	0.858719	0.858985	0.859841	0.862330	
0.198215	0.220008	0.231666	0.245885	0.265929	0.288504	0.321543	0.361806	0.403879	0.426896	0.422983	0.397144	0.360751	0.319564	0.277476	0.232378	0.189500	0.153704	0.125798	0.101282	0.076953	0.064910	0.061202	0.058574	0.056564	0.051154	0.038394	0.030006	0.029126	0.042077	0.083183	
0.193179	0.201544	0.204154	0.202986	0.198550	0.191028	0.182956	0.175291	0.163850	0.150891	0.139808	0.129005	0.119757	0.113249	0.112477	0.112614	0.114542	0.118704	0.136030	0.168671	0.209248	0.237706	0.249552	0.257986	0.275843	0.308984	0.357856	0.421767	0.530093	0.581261	0.655924	
0.108936	0.105239	0.101816	0.101213	0.102383	0.106672	0.116368	0.126657	0.140662	0.156921	0.177100	0.200430	0.224327	0.246306	0.264381	0.283950	0.315061	0.367526	0.437904	0.511415	0.571984	0.607077	0.622375	0.634872	0.655296	0.687391	0.727392	0.766552	0.812038	0.823188	0.842345	
0.251810	0.274282	0.294799	0.314748	0.328483	0.321219	0.285856	0.246574	0.201864	0.168960	0.145519	0.121434	0.106082	0.101504	0.098989	0.093953	0.096005	0.108213	0.142117	0.179934	0.209686	0.226219	0.233037	0.235743	0.240225	0.257079	0.290107	0.341415	0.451317	0.524976	0.637787	
0.189878	0.190119	0.188222	0.188894	0.190458	0.194113	0.199663	0.202706	0.203988	0.203891	0.203503	0.202917	0.204475	0.208251	0.213343	0.225471	0.253024	0.307449	0.388388	0.480951	0.565745	0.621257	0.647407	0.664923	0.685973	0.715144	0.748718	0.780072	0.814559	0.823279	0.839021	
0.104598	0.089368	0.080539	0.079036	0.083340	0.095170	0.121062	0.159201	0.223201	0.290889	0.334031	0.343873	0.341151	0.334867	0.330421	0.331239	0.340084	0.355119	0.367933	0.375589	0.377955	0.376288	0.371732	0.372952	0.387445	0.422450	0.474820	0.541841	0.644259	0.682204	0.740111	
0.045237	0.037286	0.033819	0.033592	0.035064	0.040079	0.051900	0.073792	0.123230	0.196947	0.280350	0.349823	0.386720	0.405594	0.420774	0.436391	0.449040	0.468238	0.513677	0.590180	0.681506	0.753157	0.793700	0.819462	0.837056	0.849891	0.858734	0.862694	0.863140	0.864207	0.866327	
0.381164	0.397893	0.406117	0.409292	0.408203	0.404280	0.401022	0.398158	0.390775	0.380348	0.371353	0.360395	0.349122	0.339050	0.334134	0.330835	0.327193	0.326870	0.331301	0.346214	0.361339	0.366413	0.366183	0.368976	0.385656	0.420969	0.472635	0.538118	0.638440	0.676336	0.732830	
0.076118	0.082001	0.086416	0.088587	0.088268	0.082657	0.072060	0.061520	0.051410	0.043976	0.038609	0.035148	0.033748	0.033479	0.034281	0.036323	0.041476	0.056337	0.088262	0.141432	0.211113	0.274797	0.313600	0.337783	0.362310	0.396929	0.444292	0.502573	0.593984	0.632685	0.692911	
0.049670	0.041528	0.037259	0.037044	0.038684	0.044641	0.059501	0.085943	0.145110	0.235969	0.355718	0.489461	0.597029	0.669310	0.709943	0.727702	0.728929	0.725645	0.716793	0.695267	0.649763	0.622185	0.628964	0.631916	0.623705	0.592650	0.507541	0.408570	0.385793	0.427127	0.549502	
0.090676	0.188746	0.473796	0.776377	0.886817	0.897114	0.869118	0.857756	0.854750	0.844919	0.838666	0.830575	0.822485	0.814999	0.809477	0.805125	0.802278	0.800338	0.800279	0.801148	0.803526	0.807111	0.811867	0.822082	0.832522	0.841736	0.848562	0.851454	0.853832	0.855778	0.857690	
0.345712	0.355402	0.358045	0.360365	0.361782	0.365961	0.373917	0.382249	0.386739	0.388689	0.389612	0.386915	0.379162	0.368507	0.359708	0.352061	0.343565	0.334411	0.330143	0.331511	0.333684	0.332923	0.330359	0.331952	0.346438	0.379096	0.427567	0.491313	0.594831	0.639320	0.704630	
0.111305	0.111602	0.110836	0.110693	0.111509	0.113783	0.117478	0.119806	0.121157	0.121306	0.120805	0.118887	0.117197	0.114388	0.111842	0.110615	0.111354	0.112389	0.112527	0.111589	0.110511	0.107418	0.105237	0.105598	0.114225	0.134210	0.166228	0.209859	0.291092	0.339101	0.415413	
0.067930	0.067799	0.067833	0.067927	0.068444	0.069556	0.070697	0.071142	0.070562	0.069461	0.067637	0.065051	0.063133	0.060778	0.059139	0.057782	0.057494	0.057370	0.056934	0.056115	0.055424	0.053790	0.052654	0.052926	0.057926	0.069544	0.089863	0.120649	0.185791	0.228124	0.294851	
