0.49673	0.5152	0.51645	0.52076	0.52745	0.53564	0.54723	0.56234	0.58205	0.60704	0.63484	0.65817	0.67647	0.68799	0.69426	0.69817	0.70431	0.7128	0.72134	0.72952	0.73415	0.73395	0.73605	0.74703	0.7714	0.80592	0.83595	0.85613	0.86989	0.88138	0.88876
0.47797	0.50946	0.5248	0.53518	0.54387	0.5526	0.56314	0.5735	0.58371	0.59551	0.60965	0.62279	0.63507	0.64742	0.65639	0.65773	0.65638	0.6601	0.66642	0.67006	0.67144	0.6747	0.6829	0.69498	0.71305	0.74049	0.77196	0.8033	0.83142	0.85501	0.87034
0.47495	0.49882	0.50794	0.51468	0.52121	0.5286	0.53934	0.55401	0.57407	0.60034	0.6294	0.65376	0.67406	0.68809	0.6938	0.69511	0.70141	0.71352	0.72339	0.72959	0.73138	0.72903	0.72902	0.73766	0.75956	0.79096	0.81658	0.83165	0.84354	0.85829	0.86939
0.61558	0.67036	0.70429	0.73	0.74677	0.75882	0.7693	0.77807	0.7853	0.791	0.79647	0.79923	0.80049	0.80022	0.79951	0.79801	0.7971	0.79757	0.79796	0.799	0.80092	0.80432	0.81225	0.82266	0.83461	0.84812	0.85644	0.86071	0.86552	0.87261	0.87738
0.47231	0.49951	0.51033	0.51625	0.51886	0.52222	0.52898	0.53917	0.55347	0.5721	0.59008	0.60588	0.62398	0.63999	0.64393	0.64189	0.6511	0.67507	0.69337	0.69621	0.69791	0.70577	0.71114	0.70578	0.7001	0.71525	0.75404	0.79918	0.83491	0.8592	0.87289
0.59663	0.64193	0.66729	0.68628	0.69753	0.70555	0.7147	0.7249	0.73737	0.75083	0.76521	0.77716	0.78748	0.79364	0.79615	0.79563	0.79436	0.79416	0.79372	0.79372	0.79539	0.80003	0.80926	0.81893	0.82882	0.84124	0.85165	0.85847	0.86437	0.87047	0.8741
0.21391	0.35498	0.62403	0.80079	0.8479	0.84793	0.83495	0.83284	0.83477	0.83173	0.83446	0.83427	0.83335	0.83062	0.8292	0.82744	0.82593	0.82558	0.82543	0.82643	0.82832	0.83199	0.84105	0.85162	0.86286	0.87421	0.88011	0.88199	0.88421	0.88837	0.89052
0.34221	0.34493	0.33769	0.33614	0.34098	0.34986	0.36387	0.38357	0.41076	0.44722	0.49017	0.53408	0.57481	0.60689	0.62949	0.64658	0.66451	0.68457	0.70222	0.71542	0.72108	0.72001	0.72048	0.72743	0.74561	0.7722	0.79137	0.7995	0.81245	0.83684	0.85593
0.54861	0.60191	0.64221	0.66737	0.68148	0.6898	0.69691	0.70336	0.70886	0.71403	0.71885	0.72069	0.72236	0.7236	0.72521	0.72856	0.7364	0.74823	0.75973	0.76968	0.77569	0.77725	0.78094	0.78914	0.80388	0.82336	0.83851	0.84766	0.85426	0.86083	0.86464
0.22196	0.35772	0.59021	0.72395	0.7574	0.75738	0.74728	0.74443	0.74519	0.74373	0.74412	0.74121	0.73979	0.74156	0.74266	0.74167	0.74622	0.76223	0.78042	0.79236	0.80045	0.80753	0.81682	0.82582	0.8347	0.84616	0.85695	0.86427	0.86994	0.87496	0.87793
0.54345	0.5962	0.63544	0.66089	0.67613	0.68552	0.6943	0.7029	0.71069	0.71624	0.72046	0.72084	0.71893	0.71405	0.70882	0.7043	0.70019	0.6968	0.69487	0.69687	0.6965	0.69181	0.68942	0.69802	0.72372	0.7626	0.79894	0.82441	0.84162	0.85257	0.85977
0.53508	0.57174	0.59036	0.60617	0.61865	0.62862	0.63885	0.64974	0.66096	0.67116	0.68159	0.68772	0.69052	0.68999	0.68774	0.68494	0.68392	0.68448	0.68462	0.68663	0.68623	0.68401	0.6843	0.69227	0.71193	0.74135	0.77049	0.79426	0.81317	0.82725	0.83701
0.55378	0.595	0.61776	0.63498	0.64692	0.65483	0.66209	0.66768	0.67119	0.6739	0.67503	0.67328	0.67184	0.67028	0.66918	0.67074	0.67847	0.69185	0.70531	0.71707	0.7234	0.72515	0.72927	0.73994	0.76048	0.78754	0.80871	0.82124	0.83073	0.84103	0.84799
0.50439	0.53941	0.55999	0.57335	0.58297	0.5916	0.60257	0.61639	0.633	0.65235	0.67214	0.68662	0.69592	0.69841	0.69694	0.69362	0.68972	0.68599	0.68326	0.68389	0.68281	0.67667	0.67315	0.68094	0.70696	0.74724	0.78371	0.8081	0.82598	0.84409	0.85667
0.54865	0.60047	0.63924	0.66542	0.68048	0.6893	0.69775	0.70676	0.71585	0.72595	0.73674	0.74315	0.74957	0.75834	0.76588	0.76837	0.77405	0.79135	0.81379	0.83094	0.84094	0.84586	0.85025	0.85289	0.85609	0.86201	0.86598	0.86786	0.8718	0.87864	0.88368
0.1892	0.32367	0.5696	0.71768	0.75797	0.76217	0.75816	0.76532	0.77677	0.784	0.79487	0.80102	0.80343	0.80153	0.79799	0.7918	0.78362	0.77354	0.76224	0.74915	0.72975	0.7192	0.72099	0.72417	0.72909	0.72232	0.68056	0.63808	0.6385	0.70133	0.78526
0.18375	0.30758	0.54634	0.70392	0.74967	0.75411	0.746	0.74692	0.75146	0.75219	0.75672	0.75721	0.75668	0.75484	0.75278	0.74935	0.74654	0.74504	0.74093	0.72887	0.70476	0.69086	0.69173	0.69301	0.69377	0.67799	0.62421	0.5748	0.5704	0.62962	0.72453
0.37846	0.38786	0.38416	0.38363	0.38739	0.3932	0.40229	0.41506	0.4332	0.45759	0.48484	0.50871	0.52786	0.54034	0.5466	0.55136	0.55929	0.57115	0.583	0.5942	0.59801	0.59205	0.587	0.59574	0.62797	0.68036	0.72798	0.75557	0.78141	0.82022	0.85088
0.14985	0.1506	0.14598	0.14324	0.14334	0.14763	0.15606	0.16543	0.17443	0.18461	0.19529	0.20426	0.21223	0.21854	0.22048	0.22021	0.22539	0.23819	0.25052	0.25734	0.25851	0.25496	0.24996	0.25003	0.26277	0.29332	0.34216	0.40945	0.48968	0.57737	0.65503
0.36892	0.37705	0.3707	0.36429	0.36036	0.35973	0.36423	0.37385	0.38912	0.41068	0.43527	0.45899	0.48046	0.49557	0.49761	0.48528	0.47279	0.47024	0.47074	0.46698	0.46961	0.48297	0.49184	0.48313	0.47245	0.49049	0.553	0.64848	0.74375	0.81306	0.85172
0.29296	0.29545	0.28697	0.28001	0.27551	0.27384	0.27601	0.28279	0.29431	0.3105	0.32865	0.34622	0.36678	0.38363	0.38505	0.3778	0.3823	0.39991	0.40774	0.39911	0.39553	0.40457	0.40925	0.39652	0.38239	0.3968	0.45674	0.55928	0.67603	0.77444	0.83443
0.26979	0.27473	0.26926	0.2669	0.26887	0.27698	0.29177	0.30915	0.32727	0.34824	0.37251	0.3936	0.412	0.42817	0.4366	0.43538	0.43754	0.45306	0.47278	0.48577	0.48996	0.48762	0.48397	0.48619	0.50324	0.54171	0.59598	0.65903	0.72065	0.77606	0.8151
0.33812	0.34374	0.33976	0.3365	0.33366	0.33334	0.33789	0.3481	0.36466	0.38715	0.41374	0.44148	0.47325	0.50021	0.50879	0.50486	0.51123	0.53118	0.54166	0.53585	0.53404	0.54372	0.54892	0.53712	0.52451	0.54198	0.60112	0.68655	0.76661	0.82417	0.856
0.40737	0.41999	0.42027	0.42228	0.4276	0.4352	0.44551	0.46011	0.47935	0.50314	0.52811	0.54682	0.56241	0.57352	0.57663	0.57604	0.5839	0.6016	0.61748	0.62687	0.62729	0.6188	0.61153	0.61774	0.64662	0.69591	0.74606	0.78421	0.81287	0.84021	0.85873
0.39415	0.40774	0.40619	0.40679	0.40988	0.42003	0.43798	0.45906	0.48225	0.51077	0.54344	0.5755	0.60624	0.63133	0.64644	0.65545	0.66999	0.69508	0.71958	0.73507	0.74278	0.74549	0.74855	0.75482	0.76812	0.79058	0.8139	0.83369	0.85037	0.86526	0.87508
0.41052	0.42501	0.42596	0.42916	0.43493	0.44197	0.45242	0.46732	0.48836	0.51646	0.55048	0.58188	0.60925	0.62878	0.64159	0.65135	0.66549	0.68408	0.70036	0.71375	0.72516	0.73278	0.73763	0.74025	0.74895	0.77098	0.79885	0.82615	0.84844	0.86622	0.87589
0.20671	0.20426	0.19389	0.18603	0.18102	0.17859	0.1793	0.18337	0.19051	0.20191	0.21426	0.22479	0.23684	0.24965	0.25332	0.24687	0.24674	0.26231	0.27976	0.28552	0.29028	0.30159	0.30799	0.29891	0.28758	0.30036	0.35348	0.44943	0.57214	0.69586	0.78632
0.119	0.11622	0.10764	0.09998	0.09436	0.09082	0.08937	0.08969	0.09085	0.09339	0.09677	0.10065	0.10476	0.10906	0.11384	0.11839	0.12147	0.12182	0.12014	0.1198	0.12092	0.12129	0.1206	0.12263	0.13263	0.15512	0.19205	0.24486	0.31167	0.39354	0.47949
0.41424	0.43217	0.43321	0.43124	0.42932	0.4278	0.42947	0.43372	0.44087	0.45009	0.45984	0.46455	0.47121	0.47989	0.47918	0.46878	0.46861	0.48765	0.50616	0.51	0.51315	0.52468	0.53109	0.51947	0.50598	0.52252	0.58194	0.67063	0.75678	0.81979	0.85632
0.41132	0.43143	0.43469	0.4377	0.44091	0.448	0.45947	0.47092	0.48048	0.48971	0.49872	0.50387	0.50778	0.51005	0.50822	0.50435	0.50619	0.51453	0.52071	0.52262	0.52128	0.51664	0.51199	0.51367	0.53072	0.56839	0.62113	0.6805	0.73609	0.78309	0.81475
0.47252	0.4978	0.50501	0.50922	0.51103	0.51335	0.51835	0.52567	0.53529	0.54686	0.55791	0.56365	0.57115	0.57918	0.57887	0.56966	0.56916	0.58549	0.60055	0.60315	0.60679	0.61841	0.62575	0.61768	0.60835	0.62661	0.6804	0.74991	0.80757	0.84595	0.86562
0.32381	0.32816	0.32293	0.32231	0.32572	0.33125	0.33871	0.34742	0.35794	0.3712	0.38509	0.39548	0.40197	0.4042	0.40283	0.40246	0.40817	0.41872	0.42633	0.42971	0.43172	0.43221	0.43137	0.43374	0.44922	0.48896	0.55232	0.63042	0.70796	0.77473	0.82042
0.25582	0.26041	0.25631	0.25514	0.25831	0.26407	0.27124	0.27786	0.28354	0.28979	0.29735	0.30471	0.31193	0.3197	0.32404	0.32163	0.32022	0.32719	0.33739	0.34249	0.34232	0.34127	0.34239	0.34801	0.36418	0.39838	0.45198	0.52388	0.60788	0.69683	0.77061
0.24024	0.24351	0.23848	0.23524	0.23408	0.23413	0.23641	0.2412	0.2484	0.25841	0.26827	0.27609	0.28523	0.29286	0.29112	0.28459	0.28733	0.30187	0.31395	0.31635	0.31443	0.31288	0.31177	0.31117	0.3162	0.33324	0.36305	0.4089	0.47379	0.56314	0.65995
0.20957	0.21244	0.20761	0.20511	0.20556	0.21018	0.2184	0.22658	0.23328	0.23917	0.24262	0.24325	0.24518	0.24647	0.24298	0.23998	0.24775	0.26608	0.27798	0.27669	0.27637	0.28308	0.28481	0.27369	0.26326	0.27679	0.32822	0.41949	0.53707	0.6608	0.75688
0.33908	0.34578	0.34063	0.33967	0.34277	0.34765	0.35409	0.36234	0.3721	0.38415	0.39357	0.39645	0.39835	0.3986	0.39225	0.38471	0.38656	0.39731	0.40673	0.41254	0.41129	0.40154	0.39219	0.3975	0.42845	0.49009	0.57168	0.65549	0.72582	0.77989	0.81492
0.07311	0.07208	0.06894	0.06689	0.06625	0.06629	0.06652	0.06647	0.0652	0.06409	0.06295	0.06131	0.05936	0.05803	0.05687	0.05446	0.05271	0.05334	0.05526	0.05646	0.05621	0.05597	0.05608	0.05754	0.06247	0.07386	0.09537	0.13127	0.184	0.26104	0.35976
0.15707	0.15623	0.14906	0.14312	0.13893	0.13646	0.13573	0.13704	0.13982	0.14486	0.14937	0.15077	0.15234	0.15425	0.14952	0.13909	0.13404	0.13716	0.1381	0.13284	0.13113	0.13689	0.14027	0.13362	0.12559	0.13299	0.1677	0.23522	0.33238	0.45815	0.58871
0.16856	0.16826	0.16132	0.1548	0.15051	0.14746	0.14577	0.14578	0.14701	0.14984	0.152	0.15181	0.15262	0.15463	0.15172	0.14368	0.14067	0.14645	0.15061	0.14724	0.14599	0.15144	0.15439	0.14728	0.13902	0.14698	0.18278	0.25199	0.35179	0.48189	0.61463
0.13086	0.13106	0.12658	0.12294	0.12015	0.11835	0.11735	0.11728	0.11821	0.12015	0.12067	0.11949	0.12018	0.12103	0.11647	0.10937	0.10873	0.11497	0.11735	0.1124	0.10956	0.11301	0.11509	0.10974	0.1038	0.11041	0.13855	0.19092	0.26378	0.36598	0.48822
0.14264	0.14124	0.13693	0.13547	0.13584	0.13674	0.13864	0.14106	0.1433	0.1472	0.14987	0.1499	0.14974	0.14831	0.14258	0.13741	0.13902	0.14565	0.14833	0.14605	0.14305	0.14106	0.13939	0.14003	0.14858	0.17124	0.20922	0.26157	0.33	0.43067	0.54733
0.14809	0.14986	0.14494	0.14084	0.13856	0.13728	0.13686	0.13688	0.1377	0.14171	0.14786	0.15171	0.15246	0.14983	0.14474	0.13918	0.13466	0.13118	0.128	0.12633	0.12493	0.12373	0.12487	0.13282	0.15293	0.18969	0.24435	0.31768	0.40654	0.50875	0.60671
0.31742	0.32364	0.31617	0.30975	0.30503	0.30202	0.30204	0.30374	0.30767	0.31464	0.32028	0.3216	0.32473	0.32899	0.32461	0.3123	0.30809	0.31832	0.32709	0.32482	0.32526	0.33509	0.33998	0.32956	0.31807	0.33299	0.39087	0.49267	0.61668	0.73138	0.80839
0.18055	0.18285	0.17809	0.17597	0.1771	0.18023	0.18368	0.18619	0.1875	0.19	0.19403	0.19729	0.2004	0.20492	0.20667	0.20258	0.19954	0.20489	0.21481	0.22086	0.22147	0.22099	0.2215	0.2257	0.23925	0.26899	0.31896	0.39205	0.48523	0.5912	0.68923
0.4473	0.46908	0.47214	0.4723	0.47143	0.46964	0.46963	0.47153	0.47506	0.48033	0.48498	0.48417	0.48558	0.48832	0.48226	0.46749	0.46305	0.47427	0.48223	0.4782	0.47855	0.48997	0.49625	0.48431	0.47091	0.48871	0.55159	0.64704	0.74078	0.81112	0.85137
0.03942	0.03703	0.03401	0.03137	0.02937	0.02788	0.02683	0.0264	0.02599	0.02598	0.02619	0.02684	0.02761	0.02833	0.02914	0.02981	0.0306	0.03145	0.03204	0.0328	0.03356	0.03455	0.03573	0.03747	0.0412	0.04913	0.06476	0.09328	0.13819	0.20556	0.29123
0.08906	0.08678	0.08146	0.07767	0.07601	0.07529	0.0752	0.07616	0.07796	0.08288	0.0899	0.09705	0.10293	0.1063	0.10716	0.10696	0.10806	0.11045	0.11286	0.11489	0.11561	0.11541	0.11683	0.12431	0.143	0.17719	0.2271	0.29052	0.36475	0.45843	0.5598
0.05031	0.04893	0.04672	0.04508	0.04366	0.04271	0.0422	0.04228	0.04276	0.0442	0.04505	0.04552	0.04704	0.04816	0.04683	0.0441	0.04431	0.04783	0.04969	0.04758	0.04613	0.04788	0.04947	0.04761	0.04477	0.04673	0.05928	0.08931	0.14111	0.21806	0.31114
0.10894	0.10941	0.10572	0.10283	0.10114	0.09967	0.09927	0.10023	0.10199	0.105	0.10696	0.10715	0.10942	0.11161	0.10792	0.10173	0.10297	0.11225	0.11752	0.11379	0.11169	0.11658	0.11988	0.11411	0.10709	0.11328	0.14421	0.20626	0.29713	0.41702	0.54532
0.04103	0.04098	0.04061	0.04019	0.04025	0.04067	0.04147	0.04219	0.04188	0.0415	0.04076	0.03971	0.03902	0.03877	0.03807	0.03717	0.03751	0.0392	0.04	0.03976	0.03888	0.03767	0.03643	0.03628	0.0389	0.04601	0.05982	0.08297	0.11662	0.16427	0.22143
0.04257	0.0406	0.0387	0.03798	0.03771	0.03778	0.03864	0.04061	0.04335	0.04775	0.05253	0.05751	0.06352	0.06874	0.06955	0.06706	0.0679	0.07371	0.07909	0.07976	0.07791	0.0767	0.07598	0.07582	0.07776	0.08384	0.09499	0.11351	0.14231	0.18892	0.25348
0.15211	0.14817	0.13764	0.12863	0.12256	0.11882	0.11809	0.11951	0.12207	0.12632	0.1322	0.13854	0.14592	0.15367	0.16257	0.17181	0.1799	0.18489	0.18756	0.19097	0.195	0.19685	0.1969	0.20009	0.21425	0.24486	0.2925	0.35597	0.43146	0.51866	0.60207
0.23178	0.23674	0.23285	0.22909	0.22609	0.22346	0.22206	0.22156	0.22272	0.22558	0.22623	0.22438	0.22599	0.22775	0.22079	0.21076	0.21198	0.22419	0.2295	0.22236	0.21833	0.22457	0.22805	0.21886	0.20848	0.21815	0.26169	0.34335	0.45691	0.58993	0.70689
0.17005	0.16446	0.15381	0.14638	0.14292	0.14265	0.14578	0.15264	0.16305	0.17797	0.19599	0.21346	0.2302	0.24559	0.25399	0.24915	0.24286	0.24925	0.26612	0.28007	0.29148	0.30501	0.31132	0.30173	0.2907	0.30305	0.35297	0.43914	0.54834	0.66866	0.76623
0.02595	0.02553	0.02533	0.02497	0.02494	0.02493	0.02541	0.02595	0.02572	0.02559	0.02512	0.02464	0.0237	0.02221	0.02133	0.02049	0.02	0.01975	0.01953	0.01971	0.01993	0.02022	0.02057	0.02098	0.02198	0.02402	0.02922	0.04238	0.0698	0.11988	0.18924
0.17413	0.17164	0.1585	0.14388	0.13118	0.12064	0.11289	0.10781	0.1043	0.10271	0.10287	0.10385	0.10608	0.10898	0.11226	0.11556	0.11947	0.12237	0.1225	0.12137	0.11954	0.11736	0.11332	0.10737	0.10323	0.10483	0.11546	0.13908	0.17884	0.24264	0.32957
0.18927	0.18336	0.17368	0.16991	0.17113	0.1752	0.18176	0.19153	0.20574	0.2254	0.24802	0.27011	0.28981	0.30521	0.31572	0.3255	0.34199	0.36717	0.39549	0.42043	0.43393	0.43221	0.42658	0.43323	0.46519	0.52567	0.60199	0.67609	0.73911	0.79213	0.82933
0.2366	0.23991	0.23431	0.23102	0.23123	0.23637	0.24671	0.25784	0.26882	0.28121	0.2945	0.3058	0.31662	0.32593	0.33015	0.33179	0.34163	0.36311	0.38568	0.40028	0.40508	0.40267	0.39843	0.39946	0.41499	0.45138	0.50663	0.57648	0.65066	0.71961	0.77169
0.21538	0.21262	0.20193	0.19336	0.18827	0.1868	0.18929	0.19525	0.2034	0.21374	0.22646	0.24016	0.25492	0.2705	0.28796	0.30586	0.32207	0.33324	0.33923	0.34422	0.34887	0.35126	0.35232	0.35651	0.37217	0.40542	0.45457	0.51757	0.59077	0.67131	0.73826
0.30175	0.30506	0.30396	0.31242	0.331	0.35563	0.38398	0.40828	0.42114	0.42159	0.42013	0.423	0.42667	0.43581	0.46995	0.53503	0.60291	0.63902	0.64725	0.64647	0.64079	0.63341	0.63159	0.63872	0.65984	0.69202	0.71769	0.73001	0.75095	0.79476	0.83481
0.42054	0.43604	0.43467	0.43127	0.42839	0.42785	0.43306	0.44378	0.46094	0.48524	0.51382	0.54348	0.57765	0.60971	0.62691	0.63324	0.65095	0.68886	0.72558	0.7434	0.75047	0.75808	0.7647	0.76363	0.76161	0.77205	0.79197	0.81219	0.83211	0.85412	0.869
0.25911	0.26373	0.25845	0.25529	0.25588	0.26215	0.27418	0.28758	0.30108	0.31693	0.3344	0.34998	0.36428	0.37568	0.38106	0.38309	0.39193	0.41136	0.43082	0.44267	0.44615	0.44335	0.43896	0.4403	0.45706	0.49526	0.55168	0.62007	0.68934	0.75189	0.79716
0.20671	0.2079	0.20158	0.19807	0.19867	0.20451	0.21632	0.23056	0.2455	0.26375	0.28529	0.30647	0.32753	0.34514	0.35554	0.36149	0.37491	0.4007	0.42823	0.44678	0.45433	0.45341	0.45007	0.45244	0.47023	0.5094	0.56573	0.63171	0.69706	0.75415	0.79527
0.05963	0.05616	0.05192	0.04938	0.04762	0.04678	0.04741	0.04902	0.05221	0.0573	0.06319	0.06975	0.07841	0.08726	0.09004	0.08839	0.09326	0.10833	0.12154	0.12317	0.12283	0.12822	0.13164	0.12542	0.11744	0.12377	0.1559	0.22018	0.31553	0.44247	0.57691
0.06932	0.06632	0.0625	0.05959	0.05774	0.05667	0.05641	0.05727	0.05902	0.0621	0.06494	0.06749	0.07212	0.0778	0.07951	0.07894	0.08594	0.10644	0.13017	0.14131	0.14591	0.15368	0.15794	0.15121	0.14269	0.14996	0.18531	0.2543	0.35364	0.48113	0.61003
0.04894	0.04487	0.04197	0.041	0.04132	0.04222	0.04316	0.04435	0.04632	0.04919	0.0518	0.05397	0.05596	0.05744	0.05866	0.06112	0.06735	0.07881	0.09336	0.10767	0.11615	0.11642	0.11452	0.11992	0.14024	0.17978	0.23846	0.31277	0.3951	0.48051	0.55654
0.02374	0.02262	0.02197	0.02152	0.02196	0.02209	0.02261	0.0237	0.02448	0.02621	0.02891	0.03287	0.03933	0.04883	0.06054	0.07078	0.07883	0.08895	0.10165	0.11127	0.1151	0.11627	0.11711	0.12011	0.12947	0.1501	0.18619	0.2417	0.31746	0.41759	0.52974
0.08117	0.08099	0.07798	0.0761	0.07596	0.07844	0.08297	0.08812	0.09266	0.09766	0.10275	0.10657	0.11015	0.11356	0.1145	0.11426	0.11848	0.12929	0.14082	0.14833	0.15037	0.14821	0.14478	0.14501	0.15513	0.17912	0.21769	0.27094	0.33557	0.41202	0.49002
0.10027	0.09977	0.09624	0.09491	0.09656	0.0993	0.1021	0.10427	0.10507	0.10637	0.10853	0.10988	0.1116	0.11536	0.11806	0.1158	0.11478	0.12275	0.13784	0.15011	0.15481	0.15583	0.15683	0.16035	0.17091	0.19343	0.22961	0.28022	0.34905	0.45205	0.57361
0.05702	0.05432	0.05122	0.04922	0.04842	0.0493	0.05167	0.05485	0.05749	0.06121	0.0652	0.06825	0.07059	0.07378	0.07557	0.07354	0.0733	0.08175	0.09819	0.1138	0.12273	0.12587	0.12615	0.12737	0.13535	0.15676	0.19667	0.25888	0.34312	0.45074	0.56468
0.17469	0.17073	0.163	0.15925	0.16031	0.16305	0.16723	0.17322	0.18017	0.18994	0.20055	0.20586	0.20798	0.21156	0.21275	0.20754	0.2057	0.21882	0.24361	0.26539	0.27769	0.28183	0.282	0.28363	0.29609	0.32937	0.38709	0.47002	0.56823	0.66926	0.75021
0.15958	0.15422	0.14463	0.13751	0.13373	0.13236	0.1335	0.13732	0.14376	0.1541	0.1652	0.17452	0.18528	0.19817	0.20373	0.20019	0.20344	0.22637	0.2581	0.27807	0.29098	0.30534	0.31186	0.30213	0.29054	0.30347	0.35729	0.45401	0.57717	0.70001	0.78986
0.22754	0.22476	0.2166	0.21383	0.21538	0.21861	0.22249	0.22788	0.23545	0.24544	0.2554	0.26264	0.2685	0.27312	0.27625	0.2815	0.29535	0.31932	0.34817	0.37534	0.39176	0.39219	0.38816	0.39636	0.43037	0.4957	0.5815	0.66866	0.73874	0.78875	0.81912
0.16373	0.15822	0.1492	0.14548	0.14629	0.14856	0.15232	0.15782	0.16448	0.17454	0.18577	0.193	0.19738	0.20581	0.21676	0.22146	0.22541	0.24494	0.28264	0.32114	0.34236	0.34269	0.33738	0.34446	0.3766	0.43885	0.52177	0.6062	0.67911	0.74198	0.78637
0.47576	0.50037	0.51085	0.51998	0.5277	0.53426	0.54301	0.55382	0.5677	0.5851	0.60347	0.6161	0.62892	0.64046	0.64515	0.64874	0.66537	0.69643	0.72503	0.74294	0.74935	0.74677	0.74385	0.74879	0.76709	0.79696	0.82342	0.841	0.85357	0.86564	0.87305
0.22002	0.22037	0.21291	0.20728	0.20385	0.2018	0.20237	0.2049	0.20991	0.21781	0.22502	0.23074	0.24006	0.24975	0.25079	0.24746	0.25749	0.28688	0.31447	0.32238	0.32493	0.33341	0.33735	0.32676	0.31543	0.32899	0.38162	0.47267	0.58538	0.7011	0.78815
0.37675	0.38552	0.38276	0.38453	0.39048	0.39811	0.40852	0.42095	0.43612	0.45386	0.47395	0.49003	0.50313	0.51145	0.51695	0.52365	0.539	0.56204	0.58399	0.59968	0.60989	0.6157	0.62015	0.62559	0.63945	0.66998	0.71141	0.75623	0.79668	0.83063	0.85164
0.47213	0.48764	0.48712	0.48898	0.49197	0.49317	0.49157	0.48826	0.48487	0.4826	0.487	0.49768	0.51029	0.52695	0.56484	0.63207	0.70448	0.75074	0.77028	0.77816	0.78078	0.78341	0.79109	0.80251	0.81749	0.83443	0.84137	0.83957	0.84357	0.8594	0.87216
0.42969	0.44194	0.43902	0.43977	0.44437	0.45077	0.46082	0.47387	0.4896	0.50876	0.52724	0.54099	0.55604	0.56994	0.57753	0.58651	0.61358	0.66057	0.70542	0.73381	0.74803	0.75509	0.76418	0.77853	0.79911	0.82445	0.84391	0.85511	0.86308	0.872	0.87715
0.28114	0.28427	0.27637	0.27048	0.26693	0.26539	0.26684	0.27135	0.2787	0.28942	0.30041	0.30942	0.32303	0.33813	0.34371	0.34401	0.36136	0.40746	0.45969	0.4873	0.49896	0.51202	0.51951	0.50872	0.49564	0.50997	0.55715	0.619	0.68597	0.76518	0.8271
0.40901	0.42002	0.4143	0.40968	0.40697	0.40645	0.41029	0.41762	0.4282	0.44301	0.45847	0.47188	0.49031	0.50984	0.51906	0.52376	0.54757	0.60105	0.65767	0.68918	0.70445	0.71718	0.72698	0.7271	0.72554	0.74233	0.7786	0.81904	0.84953	0.87017	0.88038
0.19454	0.19206	0.18191	0.17489	0.17086	0.16927	0.17034	0.17368	0.17919	0.18842	0.19766	0.20422	0.2124	0.22478	0.23174	0.23011	0.23716	0.27065	0.32507	0.37349	0.40769	0.43276	0.44398	0.43398	0.42118	0.43731	0.49948	0.60081	0.70907	0.79317	0.84194
0.40686	0.42513	0.42689	0.42556	0.4237	0.42242	0.42348	0.42671	0.43168	0.44064	0.44947	0.45355	0.46081	0.47443	0.48216	0.48022	0.49143	0.53628	0.5998	0.64786	0.67655	0.69478	0.70292	0.69635	0.68881	0.70449	0.74637	0.79635	0.83493	0.85979	0.87208
0.24483	0.2449	0.23775	0.23223	0.22837	0.22635	0.22733	0.23102	0.23806	0.24851	0.25909	0.2685	0.28173	0.2958	0.29989	0.29915	0.3139	0.3516	0.38941	0.40394	0.41061	0.42273	0.42838	0.41632	0.40334	0.41923	0.47971	0.57901	0.68727	0.77555	0.82928
0.50276	0.524	0.52665	0.52866	0.53154	0.53127	0.52764	0.52223	0.51563	0.50906	0.50953	0.51545	0.52307	0.53355	0.56281	0.61576	0.67084	0.70313	0.71471	0.719	0.72005	0.71772	0.71896	0.73048	0.7555	0.79143	0.82022	0.83734	0.85043	0.86672	0.87849
0.06191	0.05682	0.05177	0.04834	0.04605	0.04386	0.04112	0.03848	0.03578	0.03403	0.0342	0.03659	0.03984	0.04393	0.05529	0.08602	0.14626	0.22296	0.28308	0.31632	0.32897	0.32609	0.31924	0.32364	0.35159	0.40986	0.49359	0.58882	0.67474	0.74217	0.78555
0.08835	0.08614	0.08121	0.0783	0.07725	0.07898	0.08354	0.0891	0.09471	0.1012	0.10869	0.1168	0.12548	0.13294	0.13812	0.14418	0.15653	0.1769	0.20093	0.22295	0.23538	0.23478	0.2303	0.23611	0.26325	0.31805	0.39825	0.49514	0.59065	0.67305	0.73206
0.10595	0.1013	0.09453	0.08994	0.08757	0.08674	0.08775	0.09102	0.09653	0.10515	0.11498	0.12539	0.13904	0.15414	0.16199	0.16495	0.17984	0.21907	0.27329	0.31678	0.33981	0.34899	0.35237	0.35425	0.36214	0.3832	0.41756	0.46813	0.53508	0.61848	0.70108
0.10626	0.10061	0.09257	0.08682	0.08385	0.0824	0.08299	0.08584	0.09046	0.09797	0.10697	0.11493	0.12481	0.13756	0.14568	0.14534	0.15128	0.17851	0.22332	0.26329	0.29034	0.31059	0.32017	0.31174	0.30023	0.31203	0.36292	0.4554	0.57388	0.69449	0.78348
0.08525	0.08058	0.07506	0.07203	0.07118	0.07185	0.07403	0.07817	0.08357	0.09137	0.09993	0.10835	0.11991	0.13354	0.14136	0.14467	0.15934	0.19801	0.25001	0.28564	0.30321	0.31677	0.32262	0.3132	0.30193	0.3137	0.36057	0.43785	0.53424	0.65057	0.75435
0.0459	0.04223	0.03872	0.03658	0.03541	0.03495	0.03549	0.03725	0.03989	0.0446	0.0508	0.05886	0.07063	0.08473	0.09397	0.0978	0.10971	0.14151	0.18521	0.21499	0.22985	0.24221	0.24836	0.24001	0.2293	0.23915	0.28455	0.37103	0.48974	0.62199	0.73005
0.09338	0.0893	0.08286	0.07828	0.07569	0.07421	0.07351	0.0736	0.07419	0.07657	0.07858	0.07925	0.08134	0.08733	0.0918	0.09163	0.09668	0.12027	0.16479	0.2122	0.24846	0.27339	0.28509	0.27891	0.26898	0.27953	0.32426	0.40143	0.50082	0.62042	0.72949
0.08296	0.07745	0.07142	0.06738	0.0647	0.06195	0.05877	0.05604	0.05331	0.05141	0.05077	0.0522	0.05588	0.0604	0.06846	0.0855	0.11828	0.16773	0.21383	0.23637	0.24669	0.25823	0.2639	0.25484	0.24384	0.25483	0.30303	0.39335	0.51505	0.64576	0.74784
0.06559	0.06111	0.05708	0.0557	0.056	0.05707	0.058	0.05938	0.06162	0.06463	0.06729	0.06924	0.0712	0.07329	0.0754	0.07946	0.09006	0.11006	0.13765	0.16604	0.18578	0.1902	0.18807	0.19379	0.21888	0.26946	0.34461	0.4376	0.53367	0.62171	0.68912
0.1033	0.10006	0.09352	0.08851	0.08539	0.08332	0.08228	0.08242	0.08329	0.08609	0.08848	0.08945	0.09206	0.09723	0.0996	0.09737	0.10023	0.11703	0.14218	0.16029	0.17198	0.18367	0.18945	0.18244	0.17329	0.182	0.22211	0.29869	0.40758	0.54135	0.66673
0.0488	0.04734	0.04491	0.04358	0.04257	0.04162	0.04122	0.04115	0.04136	0.04228	0.04264	0.04265	0.04394	0.04607	0.04634	0.04559	0.04995	0.06394	0.08156	0.09089	0.09492	0.10139	0.10603	0.10264	0.09706	0.10303	0.13154	0.19004	0.27747	0.39584	0.52706
0.04174	0.03884	0.03645	0.03583	0.03607	0.03657	0.03733	0.03858	0.03989	0.04174	0.04334	0.04427	0.04526	0.04603	0.04705	0.04902	0.05413	0.06395	0.07689	0.08993	0.09823	0.09868	0.09627	0.09934	0.11492	0.14775	0.19839	0.26445	0.34096	0.42663	0.50962
0.05285	0.05072	0.04853	0.04689	0.04657	0.04729	0.04905	0.05131	0.05226	0.05328	0.05446	0.05412	0.05369	0.0543	0.05432	0.05213	0.05134	0.05651	0.06737	0.07777	0.08381	0.08585	0.0856	0.08614	0.09189	0.10873	0.14132	0.19403	0.26663	0.36264	0.47186
0.04382	0.04194	0.03938	0.03798	0.03718	0.03704	0.03793	0.03936	0.04029	0.04152	0.04295	0.04501	0.04814	0.05126	0.05432	0.05864	0.06878	0.08937	0.12088	0.15757	0.18728	0.19904	0.20188	0.20954	0.23414	0.28146	0.34946	0.43313	0.52244	0.61085	0.68343
0.0515	0.0501	0.04792	0.04675	0.04697	0.04806	0.05012	0.05206	0.05244	0.05299	0.05316	0.05167	0.05038	0.051	0.05184	0.05041	0.05082	0.06024	0.08214	0.10968	0.1299	0.1384	0.14039	0.14143	0.14799	0.16672	0.20131	0.25437	0.32659	0.42437	0.53642
0.04028	0.03751	0.03475	0.03306	0.0321	0.03157	0.0314	0.03172	0.03172	0.03259	0.0332	0.03312	0.03255	0.03331	0.0348	0.0342	0.03371	0.03836	0.0541	0.08468	0.12374	0.15678	0.17596	0.1758	0.16894	0.1769	0.21478	0.28878	0.39509	0.52798	0.65661
0.03633	0.03543	0.03474	0.0345	0.0342	0.03365	0.03278	0.03195	0.03108	0.03052	0.02968	0.02876	0.02865	0.02941	0.02961	0.02929	0.03216	0.04214	0.06027	0.078	0.08692	0.08972	0.09037	0.09059	0.093	0.10039	0.11435	0.13799	0.17434	0.23003	0.30399
0.1195	0.10952	0.10088	0.09934	0.10532	0.11918	0.14396	0.1815	0.23362	0.29769	0.35783	0.39214	0.40678	0.41051	0.40366	0.39517	0.40505	0.43456	0.45722	0.45846	0.45855	0.46878	0.47429	0.46137	0.44775	0.46525	0.52915	0.6289	0.73077	0.80707	0.84968
0.10201	0.09247	0.08471	0.08334	0.08898	0.10157	0.12456	0.1608	0.21511	0.29159	0.3849	0.46584	0.50943	0.525	0.52878	0.52	0.51103	0.51705	0.53899	0.56234	0.57799	0.58534	0.58906	0.59107	0.59943	0.62164	0.65487	0.69726	0.74522	0.79376	0.83179
0.30778	0.30597	0.29667	0.29388	0.29701	0.30315	0.31364	0.32906	0.3511	0.3818	0.42098	0.46201	0.50243	0.53594	0.55738	0.56907	0.5815	0.59667	0.60873	0.61666	0.61772	0.61057	0.60429	0.61086	0.63982	0.69022	0.74486	0.79043	0.82357	0.84789	0.86251
0.38105	0.38679	0.37752	0.37093	0.36766	0.36811	0.37464	0.38648	0.40563	0.43335	0.46619	0.5014	0.53838	0.57083	0.58674	0.58564	0.58532	0.59662	0.6109	0.61913	0.62281	0.62617	0.63067	0.63562	0.64668	0.66818	0.69624	0.72835	0.76671	0.80932	0.84324
0.26629	0.2637	0.2589	0.26417	0.27992	0.30579	0.34404	0.39393	0.45168	0.50602	0.54356	0.55572	0.55927	0.56115	0.55928	0.55734	0.57172	0.60289	0.62572	0.62732	0.62341	0.6278	0.63227	0.62188	0.61003	0.62019	0.64571	0.66564	0.69907	0.76656	0.82534
0.13192	0.12215	0.11107	0.10393	0.10004	0.09945	0.10236	0.11	0.12319	0.14372	0.17442	0.21873	0.28401	0.366	0.4394	0.4788	0.50157	0.52176	0.52738	0.51829	0.51486	0.52479	0.53172	0.52151	0.51023	0.52862	0.58998	0.67914	0.76323	0.82432	0.85889
0.02936	0.02659	0.02532	0.02558	0.02691	0.02912	0.0326	0.03821	0.0468	0.06118	0.0836	0.11641	0.16094	0.21307	0.26599	0.30882	0.33383	0.33852	0.33282	0.32887	0.3249	0.31636	0.30724	0.30866	0.33115	0.37937	0.44842	0.52733	0.60382	0.6729	0.72827
0.25206	0.24684	0.23458	0.22574	0.22122	0.22067	0.22538	0.23627	0.25429	0.27973	0.31479	0.35916	0.41571	0.47074	0.50233	0.50931	0.51824	0.53622	0.54286	0.53358	0.5283	0.5361	0.5417	0.52969	0.51673	0.53263	0.58232	0.6464	0.71463	0.79251	0.85
0.2001	0.1923	0.18158	0.17818	0.17991	0.18442	0.19218	0.20428	0.22319	0.25128	0.28905	0.33292	0.37949	0.422	0.45461	0.47699	0.49617	0.5152	0.53271	0.5482	0.55529	0.55243	0.55085	0.56451	0.60304	0.66408	0.7272	0.77646	0.8116	0.83998	0.85941
0.39965	0.4099	0.40405	0.39781	0.39327	0.3926	0.3983	0.41047	0.4301	0.45707	0.49059	0.52581	0.56337	0.5965	0.61234	0.6096	0.61123	0.6268	0.64041	0.64228	0.6451	0.65618	0.66336	0.65457	0.64428	0.66099	0.71156	0.77624	0.82886	0.86265	0.87947
0.143	0.13808	0.13493	0.14029	0.15333	0.17333	0.20178	0.23806	0.28285	0.33712	0.40171	0.47451	0.55194	0.6228	0.67756	0.70964	0.72412	0.72661	0.72454	0.72462	0.72477	0.72274	0.72452	0.73516	0.75982	0.79522	0.82647	0.84699	0.86075	0.87254	0.88023
0.08376	0.07367	0.06585	0.06342	0.06535	0.07127	0.08281	0.10129	0.1288	0.1685	0.22163	0.29219	0.39162	0.52084	0.65622	0.75228	0.80167	0.82128	0.82837	0.83227	0.83527	0.8389	0.84691	0.85564	0.86421	0.87315	0.87666	0.8768	0.87792	0.88181	0.88468
0.18854	0.17988	0.1667	0.15824	0.15458	0.15456	0.15985	0.17126	0.19015	0.21805	0.25816	0.3142	0.39379	0.48808	0.56951	0.61383	0.63525	0.64394	0.63711	0.62359	0.61933	0.62854	0.6369	0.63032	0.62205	0.63951	0.68996	0.75512	0.80964	0.84724	0.86655
0.19676	0.18723	0.17638	0.17489	0.18315	0.2021	0.23427	0.28112	0.34576	0.42739	0.50581	0.55392	0.57393	0.57919	0.57316	0.56445	0.56858	0.58795	0.60553	0.61211	0.61361	0.61434	0.61513	0.61604	0.62413	0.64568	0.67784	0.71753	0.76126	0.804	0.83661
0.36875	0.37242	0.36526	0.36299	0.36659	0.3732	0.38469	0.40302	0.43045	0.47031	0.52393	0.58337	0.6429	0.69096	0.72421	0.74128	0.74789	0.74878	0.74719	0.74777	0.74717	0.74339	0.74292	0.75031	0.77051	0.80128	0.82621	0.84165	0.85288	0.8658	0.87424
0.06633	0.05768	0.05114	0.04854	0.05001	0.05602	0.0691	0.09375	0.13419	0.18949	0.2496	0.30765	0.36864	0.43756	0.51332	0.58477	0.63977	0.67267	0.68727	0.69325	0.69823	0.70507	0.71573	0.72807	0.74462	0.76872	0.79417	0.81709	0.83766	0.85688	0.86964
0.03283	0.02729	0.02455	0.02321	0.02354	0.02514	0.02943	0.04154	0.07128	0.13546	0.23881	0.36409	0.48389	0.57096	0.62841	0.66885	0.70075	0.72732	0.74858	0.76551	0.77664	0.78496	0.7987	0.81153	0.82068	0.82701	0.81718	0.79167	0.78108	0.8068	0.8443
0.0776	0.06848	0.06132	0.05833	0.05894	0.06287	0.07075	0.08379	0.10308	0.13171	0.17148	0.22708	0.30989	0.42547	0.55624	0.65347	0.70079	0.71259	0.70351	0.68873	0.68361	0.69132	0.69858	0.6935	0.68646	0.70095	0.74111	0.789	0.82869	0.859	0.87724
0.40321	0.40812	0.40087	0.39954	0.40363	0.4111	0.42363	0.44218	0.4696	0.50877	0.55933	0.61315	0.66464	0.706	0.73516	0.75294	0.76468	0.77354	0.78007	0.78565	0.78964	0.79275	0.7993	0.80982	0.82492	0.84321	0.85673	0.86418	0.86938	0.87549	0.87841
0.08274	0.07442	0.06846	0.06772	0.07254	0.08291	0.10128	0.13006	0.17045	0.2191	0.26126	0.28141	0.28896	0.29138	0.28575	0.27875	0.28743	0.31652	0.34381	0.35111	0.35369	0.36256	0.36681	0.35575	0.34425	0.35963	0.41706	0.51614	0.6332	0.7375	0.80511
0.08936	0.07855	0.07075	0.06914	0.07386	0.08495	0.10579	0.14064	0.1956	0.27962	0.39601	0.52597	0.63268	0.69579	0.7236	0.7309	0.73847	0.75692	0.77763	0.79035	0.7979	0.80512	0.81201	0.81346	0.81356	0.82324	0.84022	0.85692	0.8693	0.87888	0.88368
0.03678	0.03264	0.03223	0.03469	0.04047	0.05116	0.07132	0.1072	0.16507	0.24712	0.34405	0.4444	0.54085	0.62534	0.69272	0.74011	0.7714	0.79204	0.80512	0.81544	0.82444	0.832	0.83978	0.84583	0.85029	0.85632	0.85909	0.85747	0.85656	0.86102	0.86663
0.12414	0.1154	0.10505	0.09808	0.09423	0.09342	0.09572	0.10243	0.11398	0.13226	0.15906	0.19639	0.24728	0.30636	0.35605	0.37631	0.38015	0.39036	0.40892	0.42344	0.43672	0.45428	0.46492	0.45699	0.44622	0.4636	0.52555	0.62355	0.72572	0.80473	0.85009
0.12697	0.1191	0.10888	0.10228	0.09882	0.09814	0.10064	0.10701	0.11764	0.13402	0.15599	0.18321	0.21748	0.25408	0.27931	0.28645	0.29424	0.31732	0.34395	0.35706	0.36513	0.37752	0.38383	0.37331	0.36132	0.37564	0.43184	0.52668	0.63743	0.74006	0.81005
0.12167	0.11303	0.1034	0.09709	0.09397	0.09374	0.09621	0.10256	0.11315	0.12952	0.15297	0.18428	0.22505	0.27255	0.31611	0.33857	0.34564	0.3594	0.38928	0.42262	0.44745	0.46153	0.46909	0.47373	0.48305	0.50514	0.54023	0.58902	0.65027	0.71876	0.78003
0.14592	0.13988	0.13224	0.13112	0.13461	0.14071	0.14951	0.16121	0.17673	0.19725	0.22235	0.24774	0.2716	0.29063	0.30388	0.31466	0.32939	0.34842	0.36844	0.3864	0.39465	0.39029	0.38442	0.39197	0.42575	0.48954	0.5662	0.63255	0.69091	0.75703	0.80923
0.18925	0.1821	0.16934	0.16091	0.1565	0.15587	0.15984	0.16841	0.18304	0.20474	0.23367	0.26983	0.31507	0.36305	0.39479	0.40366	0.41284	0.43921	0.46764	0.47985	0.48801	0.50232	0.51013	0.4993	0.48687	0.505	0.56846	0.66378	0.75646	0.82405	0.86114
0.07317	0.06681	0.0614	0.05945	0.0603	0.06275	0.06656	0.07277	0.08204	0.09642	0.11511	0.13576	0.15762	0.17736	0.1903	0.19865	0.21403	0.24106	0.26954	0.28991	0.29751	0.29298	0.28686	0.29265	0.32101	0.37733	0.45659	0.54712	0.63249	0.70414	0.75502
0.06991	0.06241	0.05581	0.05198	0.05009	0.04969	0.05149	0.0558	0.06334	0.07643	0.09673	0.12945	0.18257	0.25951	0.35012	0.42264	0.4618	0.47692	0.47516	0.46438	0.46169	0.47202	0.47806	0.46644	0.45299	0.46798	0.52795	0.62442	0.72584	0.80397	0.84946
0.04537	0.03975	0.03648	0.03531	0.03581	0.03718	0.03956	0.04384	0.05093	0.06334	0.08344	0.11312	0.15317	0.20052	0.24998	0.29325	0.32622	0.34799	0.36236	0.37368	0.37785	0.37234	0.36561	0.37088	0.40011	0.45809	0.5351	0.61453	0.68574	0.75147	0.80069
0.18191	0.1723	0.15879	0.1499	0.14518	0.14449	0.14848	0.15795	0.17407	0.1985	0.23324	0.28151	0.3482	0.42669	0.4918	0.52293	0.53986	0.56114	0.57754	0.58071	0.58394	0.59475	0.60006	0.58846	0.57657	0.59404	0.65055	0.72836	0.79737	0.84476	0.87008
0.07295	0.06809	0.06284	0.05995	0.05854	0.05881	0.06034	0.06422	0.0703	0.07965	0.09153	0.10585	0.12323	0.14141	0.15319	0.15887	0.16959	0.19277	0.21772	0.2308	0.23339	0.23265	0.23121	0.23017	0.2342	0.24792	0.27187	0.30783	0.36099	0.44366	0.54579
0.06438	0.06013	0.0553	0.05205	0.05071	0.0502	0.05126	0.05435	0.0592	0.06746	0.07868	0.09331	0.1132	0.13479	0.14852	0.15297	0.16145	0.18166	0.203	0.21362	0.21551	0.21542	0.215	0.21492	0.21907	0.23211	0.25561	0.2928	0.34625	0.42244	0.51542
0.04624	0.04194	0.03814	0.03586	0.03464	0.03413	0.03475	0.03672	0.03976	0.0448	0.05229	0.06186	0.07384	0.08691	0.09712	0.09824	0.09646	0.10133	0.11386	0.12625	0.1369	0.14826	0.15461	0.14927	0.14129	0.1483	0.18269	0.24978	0.3464	0.4724	0.60246
0.19868	0.18838	0.17614	0.17227	0.17597	0.18779	0.20844	0.23821	0.27837	0.32939	0.38892	0.45206	0.51952	0.58328	0.62671	0.65	0.67862	0.72702	0.77841	0.81104	0.82501	0.83143	0.83963	0.84659	0.85184	0.85641	0.85219	0.84188	0.8411	0.85585	0.86842
0.20868	0.19959	0.18591	0.17685	0.17212	0.17182	0.17634	0.18667	0.20356	0.22938	0.26542	0.31517	0.38422	0.4662	0.53966	0.58766	0.62593	0.67136	0.71105	0.73129	0.74078	0.75029	0.7592	0.76102	0.76173	0.77605	0.80382	0.83293	0.85418	0.86757	0.87418
0.03772	0.03466	0.03339	0.03466	0.03787	0.04381	0.05411	0.07027	0.09249	0.12172	0.15851	0.20768	0.27539	0.36189	0.45986	0.55097	0.62085	0.66467	0.68786	0.70161	0.7095	0.71236	0.71616	0.72711	0.75115	0.78614	0.81766	0.83865	0.85291	0.86506	0.87472
0.19293	0.18414	0.17297	0.1692	0.17042	0.17453	0.18155	0.19297	0.21067	0.23755	0.27529	0.32308	0.3789	0.43991	0.51271	0.60217	0.69373	0.76146	0.80085	0.8231	0.83549	0.842	0.84745	0.85059	0.85284	0.85729	0.85932	0.85979	0.86055	0.86378	0.86519
0.08539	0.07852	0.07253	0.07085	0.07176	0.07424	0.07847	0.08515	0.09589	0.11252	0.13424	0.15976	0.18651	0.21103	0.23085	0.24909	0.27236	0.30375	0.33927	0.3715	0.39177	0.39421	0.39081	0.39935	0.43325	0.49712	0.57907	0.65976	0.72388	0.77197	0.80312
0.20253	0.19492	0.18286	0.17572	0.17291	0.17377	0.17957	0.19055	0.20814	0.23441	0.26885	0.31412	0.37434	0.44084	0.49026	0.51507	0.54043	0.5818	0.6212	0.63995	0.64944	0.66073	0.66959	0.66908	0.66749	0.68366	0.72046	0.76238	0.79417	0.81511	0.82588
0.05662	0.05154	0.04664	0.04372	0.04225	0.04198	0.04319	0.04613	0.05146	0.06043	0.07351	0.09248	0.1206	0.15477	0.18202	0.19739	0.21829	0.26011	0.31523	0.35672	0.37714	0.38431	0.38686	0.38851	0.39658	0.41757	0.45239	0.5028	0.56816	0.64615	0.72068
0.19174	0.18403	0.17401	0.17068	0.17226	0.17709	0.18544	0.19799	0.21783	0.24885	0.29032	0.34149	0.40088	0.46147	0.51527	0.55893	0.59697	0.63281	0.6649	0.68995	0.70579	0.71184	0.71633	0.72783	0.75147	0.78432	0.81388	0.83406	0.84714	0.85621	0.86206
0.07966	0.07513	0.07067	0.06939	0.07125	0.07538	0.08189	0.09059	0.10209	0.11705	0.1372	0.1643	0.20305	0.25551	0.32473	0.40769	0.49351	0.56168	0.60225	0.62001	0.62419	0.62059	0.61774	0.62153	0.63918	0.67275	0.71572	0.75935	0.79851	0.83159	0.85522
0.16527	0.15621	0.14393	0.13546	0.13101	0.12985	0.13293	0.1402	0.15353	0.1738	0.20197	0.23906	0.28859	0.34617	0.39322	0.41549	0.43448	0.47487	0.52856	0.56816	0.59351	0.6141	0.62531	0.6187	0.60972	0.62728	0.68092	0.75186	0.81113	0.84908	0.86799
0.28721	0.28286	0.26943	0.25963	0.25408	0.25267	0.25706	0.26692	0.2838	0.31018	0.34364	0.38458	0.43557	0.4872	0.51884	0.53064	0.54874	0.58554	0.61874	0.63085	0.63718	0.64929	0.65772	0.65302	0.64693	0.66559	0.716	0.77837	0.82871	0.86112	0.87797
0.04819	0.04314	0.04046	0.04101	0.04365	0.04793	0.05506	0.06513	0.08039	0.10319	0.13599	0.18055	0.23903	0.30989	0.39069	0.46917	0.53573	0.58347	0.6139	0.63251	0.63978	0.63747	0.63672	0.64549	0.67035	0.70909	0.74021	0.7494	0.7567	0.78765	0.82586
0.11955	0.11318	0.10536	0.10094	0.09913	0.09969	0.10297	0.10912	0.11894	0.13298	0.15022	0.17006	0.19597	0.22424	0.24303	0.25277	0.27606	0.33081	0.40682	0.46391	0.49466	0.51539	0.52586	0.51729	0.50606	0.52207	0.57464	0.64512	0.71575	0.78423	0.83346
0.17103	0.162	0.15121	0.14629	0.14594	0.14848	0.15379	0.16227	0.17556	0.19566	0.22223	0.25562	0.29327	0.33413	0.38859	0.46975	0.56753	0.64927	0.70077	0.72875	0.74369	0.75081	0.75707	0.76598	0.78016	0.79838	0.81056	0.81651	0.82315	0.83524	0.84557
0.03541	0.03001	0.02714	0.02595	0.02649	0.02841	0.03332	0.04378	0.06438	0.09666	0.13664	0.17902	0.22761	0.28744	0.3652	0.45933	0.55868	0.64247	0.69844	0.73071	0.74983	0.76299	0.77829	0.79358	0.80877	0.82385	0.83323	0.8387	0.84513	0.85576	0.86414
0.17223	0.1658	0.15538	0.1482	0.1443	0.14318	0.14581	0.15194	0.16283	0.17914	0.19892	0.22122	0.24936	0.27887	0.29668	0.30544	0.32916	0.38748	0.47053	0.53878	0.57439	0.58738	0.59213	0.59479	0.60344	0.62457	0.65494	0.69339	0.73718	0.78461	0.8229
0.36941	0.37198	0.3609	0.35212	0.34765	0.34667	0.35199	0.36368	0.38286	0.41066	0.44566	0.48602	0.53413	0.58059	0.60945	0.62244	0.64472	0.68769	0.73264	0.75905	0.77122	0.78022	0.78992	0.79591	0.80159	0.81554	0.83367	0.84957	0.86271	0.87673	0.88543
0.36921	0.37798	0.37217	0.36635	0.36215	0.36122	0.36512	0.37395	0.38884	0.41056	0.43509	0.46119	0.49259	0.5225	0.53712	0.54167	0.56123	0.60376	0.64458	0.66176	0.67021	0.68203	0.68915	0.68196	0.67367	0.6894	0.73396	0.78802	0.83177	0.86239	0.87945
0.29525	0.281	0.26865	0.26013	0.25472	0.253	0.25586	0.26458	0.27971	0.30374	0.3331	0.36894	0.41331	0.46052	0.49035	0.50564	0.53394	0.59489	0.6658	0.71105	0.73333	0.748	0.75622	0.75402	0.74954	0.76215	0.79215	0.82489	0.85081	0.87034	0.88159
0.08759	0.07518	0.06736	0.06229	0.05985	0.05835	0.0588	0.06114	0.06617	0.07496	0.08904	0.10914	0.13975	0.19072	0.27763	0.40889	0.5639	0.69186	0.76302	0.79233	0.80452	0.81025	0.81405	0.81501	0.81598	0.82211	0.83073	0.83677	0.84456	0.85569	0.86481
0.36863	0.35372	0.34462	0.34263	0.34573	0.35021	0.3581	0.37034	0.38986	0.42024	0.45657	0.49457	0.53363	0.56969	0.594	0.6129	0.64491	0.69675	0.74972	0.78473	0.80355	0.81385	0.82427	0.83493	0.84543	0.85542	0.86115	0.86284	0.86552	0.86854	0.87119
0.30103	0.28812	0.27822	0.27339	0.27272	0.27474	0.28173	0.29384	0.31113	0.33425	0.36092	0.38962	0.42362	0.45691	0.47602	0.48516	0.50917	0.56146	0.62144	0.65991	0.67624	0.68223	0.68762	0.6921	0.70121	0.71843	0.73542	0.75162	0.77793	0.81918	0.8537
0.08517	0.07441	0.0682	0.06665	0.06798	0.0702	0.07429	0.08001	0.08968	0.10485	0.12335	0.14439	0.16625	0.18692	0.20366	0.22113	0.24704	0.29029	0.35054	0.41675	0.47247	0.49956	0.51047	0.52796	0.56691	0.62879	0.69719	0.75409	0.79605	0.82625	0.84658
0.06119	0.0523	0.04627	0.04309	0.04192	0.04134	0.04286	0.04624	0.05282	0.06449	0.08326	0.11505	0.17	0.25462	0.36091	0.46087	0.54175	0.61696	0.68709	0.73677	0.77143	0.79526	0.81513	0.82962	0.84085	0.8489	0.85106	0.84851	0.85105	0.86054	0.87025
0.09241	0.08104	0.07311	0.06825	0.06605	0.06534	0.06711	0.0716	0.07997	0.09343	0.1125	0.13927	0.17733	0.22295	0.25947	0.28147	0.31252	0.38156	0.48912	0.58947	0.65191	0.68332	0.69878	0.69848	0.69474	0.71022	0.74936	0.79518	0.83114	0.85516	0.86742
0.26919	0.25116	0.23958	0.23461	0.23417	0.23348	0.23201	0.23153	0.23265	0.23714	0.24658	0.26167	0.27753	0.29747	0.33866	0.42317	0.54049	0.64278	0.70034	0.72671	0.73609	0.73701	0.73873	0.74821	0.7683	0.79525	0.81212	0.81452	0.82327	0.84722	0.86754
0.07382	0.06353	0.05619	0.05176	0.04928	0.04699	0.04555	0.04467	0.04476	0.04695	0.05164	0.05816	0.06914	0.09424	0.15164	0.25909	0.41577	0.58844	0.71537	0.77926	0.80754	0.81957	0.82967	0.83593	0.84081	0.84595	0.84558	0.83881	0.83997	0.85326	0.86476
0.10746	0.09402	0.0854	0.08108	0.07838	0.0738	0.0667	0.05974	0.05366	0.04968	0.0487	0.0509	0.05402	0.05918	0.0739	0.11516	0.19817	0.32466	0.47373	0.60628	0.6981	0.74589	0.77344	0.79154	0.80596	0.81897	0.82617	0.83064	0.83948	0.85505	0.86821
0.06182	0.0534	0.04826	0.04521	0.0437	0.04195	0.04093	0.0398	0.03981	0.03989	0.04104	0.04352	0.04809	0.05386	0.06309	0.08248	0.12271	0.19819	0.31704	0.46745	0.61173	0.69973	0.74521	0.76539	0.77521	0.78974	0.81108	0.83204	0.84817	0.86046	0.86768
0.0681	0.06302	0.05781	0.05459	0.05289	0.05227	0.05304	0.05518	0.05927	0.06586	0.07386	0.08327	0.09659	0.11259	0.12291	0.12881	0.14832	0.20367	0.3105	0.45618	0.59535	0.67704	0.71509	0.72571	0.72825	0.74295	0.77274	0.80649	0.83406	0.8548	0.86743
0.07806	0.07171	0.06563	0.06161	0.05952	0.05898	0.06032	0.06352	0.06921	0.07813	0.09011	0.10463	0.12479	0.14832	0.16494	0.17442	0.19654	0.25316	0.34944	0.45464	0.533	0.5769	0.59786	0.59619	0.58963	0.60751	0.66067	0.73246	0.79478	0.83707	0.85967
0.1325	0.12396	0.11595	0.11232	0.11224	0.11188	0.11078	0.10894	0.10785	0.10813	0.11224	0.12065	0.13052	0.14283	0.17195	0.23831	0.35385	0.50211	0.6344	0.7189	0.76502	0.78851	0.80594	0.82043	0.83325	0.84566	0.85224	0.85515	0.85833	0.86448	0.86887
0.11044	0.10036	0.09263	0.08824	0.08563	0.08421	0.08471	0.08701	0.09172	0.09883	0.10716	0.11572	0.12833	0.14419	0.154	0.15953	0.18044	0.24032	0.35351	0.50569	0.64792	0.7283	0.76659	0.77987	0.78504	0.79721	0.8155	0.83303	0.84879	0.86537	0.87659
0.05078	0.04618	0.04247	0.04037	0.0396	0.03862	0.03861	0.03876	0.03954	0.04081	0.04205	0.04231	0.0421	0.04361	0.04598	0.04597	0.04559	0.05256	0.07727	0.12724	0.19887	0.2644	0.30793	0.3202	0.3175	0.32992	0.3779	0.46599	0.5809	0.69572	0.77997
0.11271	0.10184	0.09465	0.09209	0.093	0.09411	0.09581	0.09823	0.10207	0.10887	0.11413	0.1179	0.12375	0.13203	0.13556	0.14142	0.16487	0.2237	0.32274	0.44157	0.541	0.58655	0.60192	0.61817	0.65223	0.70431	0.75573	0.79121	0.81756	0.84204	0.85946
0.06491	0.05555	0.05003	0.04781	0.04732	0.04629	0.04494	0.04365	0.04265	0.04283	0.04434	0.04837	0.05312	0.05946	0.07459	0.1147	0.19086	0.29402	0.38879	0.4495	0.47816	0.48193	0.47828	0.48588	0.51831	0.57869	0.654	0.72454	0.77876	0.81693	0.84113
0.11745	0.10753	0.0987	0.0928	0.08951	0.08727	0.0862	0.08649	0.08844	0.0927	0.0968	0.09953	0.10402	0.11333	0.12025	0.12126	0.12901	0.16303	0.23523	0.33484	0.43828	0.5121	0.55145	0.55635	0.55	0.5662	0.61795	0.68868	0.75742	0.81587	0.8543
0.09828	0.08948	0.08375	0.08197	0.08286	0.08339	0.08437	0.08509	0.08725	0.09094	0.09352	0.09531	0.09822	0.10207	0.10583	0.11356	0.13166	0.16786	0.22409	0.29228	0.35728	0.39439	0.41026	0.42745	0.46546	0.53053	0.61302	0.69274	0.75577	0.80013	0.82923
0.34663	0.33881	0.33234	0.32601	0.32172	0.31952	0.32183	0.32953	0.34376	0.36606	0.39028	0.41686	0.44864	0.48232	0.50046	0.51024	0.53845	0.60325	0.68078	0.7316	0.75656	0.77134	0.77984	0.78019	0.77881	0.79039	0.81412	0.83832	0.85821	0.87405	0.88436
0.15108	0.14188	0.13355	0.12767	0.1249	0.1228	0.12188	0.12157	0.12158	0.12303	0.12455	0.12266	0.11973	0.12201	0.12658	0.12531	0.12427	0.14095	0.1899	0.27116	0.36926	0.44508	0.48993	0.51192	0.52899	0.55389	0.58981	0.63663	0.69339	0.75463	0.8068
0.17621	0.16545	0.15671	0.15083	0.14758	0.14557	0.14634	0.14925	0.15556	0.16489	0.1749	0.18459	0.1983	0.21518	0.22464	0.22967	0.25198	0.31656	0.43771	0.59298	0.72349	0.78977	0.81809	0.82637	0.82799	0.83573	0.84797	0.85971	0.86876	0.87649	0.88031
0.05408	0.04619	0.0417	0.0404	0.04034	0.04046	0.04078	0.04168	0.04314	0.04652	0.0513	0.05904	0.06784	0.07873	0.10023	0.15131	0.24633	0.38352	0.53333	0.65415	0.7318	0.77143	0.79348	0.80766	0.81953	0.83352	0.84438	0.85164	0.8576	0.86361	0.86737
0.03833	0.03547	0.03363	0.03263	0.03263	0.03136	0.03118	0.03048	0.03058	0.03079	0.03085	0.03032	0.03142	0.0334	0.03411	0.03457	0.03937	0.05696	0.09217	0.12989	0.15521	0.17131	0.17898	0.17353	0.165	0.17241	0.20953	0.28233	0.38747	0.52069	0.65119
0.2619	0.24448	0.22752	0.21372	0.20321	0.19626	0.19345	0.19373	0.19697	0.20355	0.21253	0.2236	0.23774	0.25555	0.2773	0.30401	0.33594	0.37457	0.42095	0.47596	0.54127	0.60616	0.66887	0.72337	0.76683	0.80158	0.82567	0.84165	0.85372	0.86445	0.87095
0.19976	0.19244	0.18711	0.1836	0.18167	0.17939	0.178	0.17691	0.17697	0.17904	0.17946	0.17804	0.18135	0.18999	0.19257	0.19387	0.21276	0.26854	0.35851	0.44455	0.50096	0.53373	0.54818	0.54035	0.52932	0.54757	0.60882	0.69599	0.77694	0.83231	0.86237
0.27597	0.26085	0.25074	0.24785	0.2495	0.2528	0.25774	0.26542	0.27759	0.29641	0.31548	0.33191	0.35006	0.36881	0.37919	0.38989	0.42472	0.49943	0.59708	0.67649	0.72284	0.74077	0.75001	0.76242	0.78283	0.80878	0.83086	0.84508	0.85604	0.86509	0.87118
0.08448	0.0736	0.06703	0.06346	0.06016	0.05429	0.04624	0.03919	0.03362	0.03022	0.02885	0.02956	0.03085	0.03309	0.04005	0.06224	0.10838	0.17061	0.22002	0.24676	0.25656	0.25281	0.24596	0.24934	0.27446	0.32751	0.4073	0.50489	0.60236	0.68585	0.74527
0.41091	0.40478	0.3994	0.39545	0.39265	0.39045	0.39086	0.39487	0.4023	0.41499	0.42704	0.43776	0.45443	0.47498	0.48635	0.49475	0.52553	0.59643	0.68766	0.75451	0.78758	0.80129	0.81223	0.82318	0.83317	0.84232	0.84616	0.84475	0.85055	0.86424	0.87704
0.44035	0.44348	0.44602	0.44656	0.44566	0.44245	0.44139	0.44273	0.44803	0.45691	0.4656	0.4716	0.48405	0.50188	0.51106	0.5166	0.54518	0.61512	0.70552	0.77282	0.80662	0.82074	0.83151	0.84174	0.85101	0.86007	0.86358	0.86298	0.86466	0.87053	0.87541
0.1413	0.13235	0.12503	0.11999	0.11765	0.11584	0.11588	0.11723	0.12084	0.12745	0.13366	0.13899	0.14846	0.16098	0.16746	0.17093	0.19021	0.24453	0.33476	0.42581	0.48943	0.52458	0.53909	0.53213	0.52233	0.53935	0.59619	0.67727	0.75376	0.80812	0.8403
0.07182	0.06742	0.06298	0.06047	0.05903	0.05842	0.05901	0.05957	0.0602	0.0611	0.06128	0.06151	0.0645	0.0691	0.07132	0.07482	0.09016	0.13195	0.20675	0.29803	0.37661	0.41279	0.42359	0.43676	0.47019	0.52848	0.60098	0.67105	0.73153	0.78235	0.81982
0.34563	0.33845	0.33174	0.32689	0.32315	0.32073	0.31985	0.32121	0.32532	0.33404	0.34113	0.34662	0.35759	0.37325	0.38005	0.38302	0.40724	0.47339	0.56795	0.64241	0.68337	0.70524	0.71729	0.71765	0.71564	0.73126	0.7685	0.81138	0.84579	0.86768	0.8799
0.12334	0.11929	0.11584	0.1135	0.11271	0.11114	0.11038	0.10994	0.11034	0.11219	0.11282	0.11201	0.11449	0.12005	0.12171	0.12169	0.13331	0.16855	0.22118	0.26544	0.28936	0.29804	0.30067	0.30144	0.3073	0.32402	0.35305	0.39781	0.46091	0.54538	0.63735
0.08714	0.08148	0.07652	0.07261	0.07082	0.06836	0.06625	0.06362	0.06158	0.05994	0.05838	0.05558	0.05466	0.05724	0.06002	0.061	0.0666	0.08902	0.14141	0.2218	0.31226	0.37714	0.41319	0.43063	0.44494	0.46871	0.50453	0.55474	0.61903	0.69402	0.76299
0.25368	0.24525	0.23937	0.23508	0.23244	0.23028	0.22953	0.22994	0.23254	0.23725	0.2409	0.24292	0.25016	0.26202	0.26779	0.2717	0.29752	0.37141	0.50122	0.64465	0.74592	0.79099	0.81081	0.81766	0.82097	0.83073	0.84511	0.85796	0.86791	0.87588	0.87998
0.15886	0.15141	0.1459	0.14203	0.13978	0.13746	0.13606	0.13541	0.13629	0.13827	0.13956	0.13967	0.144	0.15272	0.15635	0.15878	0.17883	0.23916	0.35259	0.49975	0.62995	0.70144	0.73393	0.74033	0.73871	0.75281	0.78573	0.82292	0.85096	0.86858	0.87619
0.22608	0.22367	0.22202	0.22204	0.2213	0.21843	0.21375	0.20749	0.20057	0.19553	0.18837	0.17975	0.17813	0.18339	0.18485	0.18645	0.20743	0.2699	0.38687	0.53929	0.67296	0.74355	0.77845	0.79918	0.81511	0.83097	0.84283	0.8506	0.85926	0.86895	0.87593
0.20706	0.20279	0.19798	0.19532	0.19425	0.19559	0.19798	0.19773	0.19442	0.19143	0.1867	0.18067	0.1787	0.182	0.18402	0.18778	0.20591	0.25372	0.33569	0.43895	0.53582	0.59172	0.61858	0.63489	0.65663	0.69071	0.73114	0.76922	0.80288	0.83064	0.84947
0.17399	0.16612	0.15994	0.15648	0.15422	0.15218	0.15058	0.14987	0.1504	0.15207	0.15284	0.15235	0.15641	0.16492	0.16901	0.17311	0.19603	0.25998	0.37827	0.5348	0.67618	0.75369	0.79319	0.81231	0.82207	0.83219	0.83971	0.84379	0.85087	0.8639	0.87382
0.32274	0.31436	0.30634	0.29862	0.2936	0.28904	0.28644	0.28524	0.28611	0.28998	0.29398	0.29435	0.29845	0.31031	0.31954	0.32091	0.33505	0.38985	0.49838	0.63452	0.75177	0.81383	0.84189	0.85195	0.85469	0.85959	0.86525	0.86902	0.87238	0.87602	0.87799
0.06712	0.06756	0.06825	0.06952	0.07063	0.06885	0.06497	0.05952	0.05399	0.04931	0.04456	0.03976	0.03819	0.03913	0.03904	0.03955	0.04652	0.07332	0.14088	0.25504	0.39382	0.50388	0.56769	0.58615	0.58597	0.60343	0.65096	0.71514	0.7744	0.82268	0.85351
0.42411	0.42527	0.42526	0.42508	0.42354	0.42164	0.41983	0.42035	0.42165	0.42653	0.42958	0.43071	0.43787	0.45137	0.45769	0.46279	0.49188	0.56374	0.65985	0.73341	0.77235	0.7915	0.80715	0.82143	0.8338	0.84688	0.85656	0.86058	0.86589	0.8743	0.8799
0.16859	0.15642	0.14908	0.14685	0.14875	0.15005	0.15047	0.14895	0.14708	0.14603	0.14469	0.13817	0.13263	0.13427	0.13747	0.13633	0.14175	0.17359	0.25122	0.37916	0.54451	0.67762	0.75988	0.80342	0.82903	0.84596	0.85404	0.85552	0.85855	0.86507	0.87104
0.04179	0.03899	0.03697	0.03581	0.03558	0.03384	0.03167	0.02892	0.02666	0.02541	0.02459	0.02399	0.024	0.02532	0.02741	0.03006	0.03386	0.04547	0.07902	0.15354	0.28126	0.43609	0.59537	0.71491	0.78334	0.8207	0.83923	0.84844	0.85493	0.86174	0.86623
0.03966	0.03557	0.033	0.03198	0.03103	0.02877	0.02602	0.02346	0.02173	0.02066	0.01998	0.01968	0.02022	0.0206	0.02164	0.02485	0.03355	0.05792	0.11629	0.21976	0.36948	0.52343	0.64938	0.73092	0.7788	0.80907	0.82631	0.83512	0.84293	0.85191	0.85977
0.05242	0.05048	0.04929	0.04913	0.05032	0.04928	0.04569	0.04028	0.03533	0.03149	0.02864	0.02547	0.02426	0.02419	0.02409	0.02395	0.02465	0.02916	0.0466	0.09487	0.19221	0.31291	0.43074	0.52276	0.59677	0.66774	0.73111	0.77802	0.81142	0.83725	0.85457
0.1067	0.09355	0.08578	0.08052	0.07636	0.06879	0.05888	0.04957	0.04268	0.0381	0.03699	0.03794	0.03996	0.04331	0.0545	0.08781	0.15878	0.26699	0.38713	0.48844	0.55558	0.58393	0.59547	0.61017	0.64102	0.6899	0.74208	0.78365	0.81349	0.83592	0.85052
0.14252	0.13191	0.12318	0.11653	0.11343	0.11126	0.11037	0.11032	0.11191	0.11574	0.11915	0.12022	0.12351	0.13235	0.13865	0.13933	0.14845	0.18773	0.27277	0.40406	0.56505	0.69052	0.76539	0.80206	0.81983	0.83403	0.84626	0.85433	0.86193	0.87093	0.87791
0.05358	0.05398	0.05472	0.0554	0.05557	0.0531	0.04928	0.04419	0.03967	0.03629	0.0329	0.02977	0.02882	0.02954	0.02954	0.02988	0.03466	0.05412	0.10992	0.21576	0.36368	0.50108	0.59584	0.63859	0.65361	0.67638	0.72037	0.77276	0.81647	0.84581	0.8621
0.06183	0.06041	0.05956	0.05974	0.05918	0.05715	0.05427	0.0505	0.04683	0.0442	0.04103	0.03787	0.03709	0.03845	0.03859	0.03937	0.04647	0.07416	0.14471	0.26932	0.4424	0.60321	0.71217	0.76586	0.78876	0.80625	0.82372	0.83801	0.85103	0.8643	0.87383
0.03155	0.029	0.02714	0.02668	0.02674	0.02624	0.02585	0.02542	0.02498	0.02517	0.0258	0.02671	0.0283	0.03237	0.04087	0.05372	0.06877	0.0957	0.15441	0.25682	0.40602	0.56052	0.68195	0.75272	0.7887	0.80959	0.82226	0.83066	0.83938	0.84863	0.85683
0.06416	0.05871	0.05502	0.0525	0.05102	0.04863	0.04647	0.0444	0.04279	0.04238	0.04263	0.04289	0.04532	0.05176	0.06047	0.06971	0.08685	0.13109	0.2233	0.36645	0.54597	0.68569	0.76612	0.80482	0.82375	0.83457	0.83716	0.83335	0.83582	0.84734	0.85879
0.04777	0.04447	0.04251	0.04121	0.0399	0.03668	0.03249	0.02826	0.02547	0.02335	0.0224	0.0216	0.02164	0.022	0.02282	0.02473	0.02815	0.03759	0.06325	0.12186	0.22638	0.352	0.47681	0.56928	0.62411	0.66674	0.71317	0.75931	0.79689	0.82397	0.84054
0.06487	0.0591	0.05436	0.05078	0.04732	0.04217	0.03695	0.03203	0.02799	0.02609	0.0255	0.0248	0.02507	0.0276	0.03334	0.04073	0.04668	0.05835	0.08999	0.15599	0.26236	0.37941	0.48052	0.53644	0.55789	0.58488	0.64023	0.71393	0.78081	0.82748	0.85376
0.05624	0.04989	0.04521	0.04231	0.03994	0.03581	0.03179	0.02834	0.02565	0.0244	0.02415	0.02416	0.02501	0.02784	0.03564	0.05339	0.08483	0.13818	0.21806	0.30674	0.3791	0.41463	0.42831	0.43804	0.45898	0.49908	0.55529	0.62045	0.68505	0.74259	0.78515
0.29719	0.30483	0.31158	0.3141	0.30876	0.28745	0.2541	0.21944	0.1888	0.16553	0.14773	0.13563	0.13154	0.13348	0.1381	0.15092	0.18368	0.25429	0.37231	0.5225	0.65905	0.73184	0.76434	0.78319	0.80241	0.82507	0.84296	0.85372	0.86138	0.86844	0.87248
0.15316	0.15143	0.1471	0.14284	0.13608	0.1235	0.10667	0.08972	0.07446	0.06507	0.05966	0.05492	0.05345	0.05869	0.06785	0.07586	0.08638	0.11656	0.18126	0.27743	0.38557	0.46321	0.50563	0.52538	0.54011	0.56178	0.58791	0.62121	0.66727	0.72995	0.78831
0.33556	0.33181	0.33107	0.32925	0.32383	0.30956	0.28571	0.25862	0.23306	0.21252	0.19791	0.19062	0.19022	0.1961	0.20968	0.23676	0.28559	0.37086	0.49887	0.64098	0.75228	0.80862	0.83694	0.85201	0.85957	0.8638	0.85793	0.84622	0.84574	0.86126	0.87481
0.07403	0.08236	0.08902	0.09408	0.09352	0.08135	0.06295	0.04622	0.03527	0.02898	0.02493	0.02217	0.02164	0.02164	0.02147	0.02182	0.02388	0.033	0.06365	0.13868	0.27396	0.43636	0.59106	0.69643	0.75275	0.78344	0.80018	0.81295	0.82844	0.8471	0.86167
0.2085	0.20476	0.19954	0.19548	0.19337	0.19064	0.18592	0.17847	0.16839	0.1597	0.15164	0.13982	0.12883	0.12712	0.12983	0.12734	0.12602	0.14378	0.19782	0.29197	0.41979	0.53852	0.6206	0.65521	0.665	0.68302	0.7163	0.75002	0.78488	0.82655	0.85896
0.11905	0.12297	0.12727	0.13111	0.13222	0.12795	0.11854	0.10563	0.09281	0.08315	0.0734	0.06461	0.06104	0.06209	0.06205	0.06253	0.07379	0.11282	0.2002	0.33898	0.51479	0.65495	0.73842	0.77967	0.80212	0.82015	0.83639	0.84783	0.85747	0.86677	0.87387
0.26969	0.26382	0.26	0.26037	0.26415	0.26473	0.25865	0.24679	0.23076	0.21658	0.20203	0.18483	0.17211	0.17061	0.17167	0.16956	0.1757	0.21183	0.29527	0.42632	0.57572	0.67827	0.73312	0.76411	0.79007	0.81701	0.83765	0.85076	0.86028	0.86912	0.87481
0.35475	0.3543	0.35482	0.35573	0.35728	0.3565	0.35444	0.3506	0.34675	0.34556	0.34073	0.33349	0.33416	0.34259	0.34558	0.34792	0.37296	0.44468	0.56078	0.67099	0.73969	0.77034	0.78379	0.78647	0.78681	0.79738	0.81804	0.8384	0.85431	0.86516	0.87195
0.08894	0.10051	0.11414	0.12771	0.13431	0.12626	0.10686	0.08361	0.06472	0.05205	0.04253	0.03557	0.03294	0.0329	0.03255	0.03285	0.03835	0.06096	0.12296	0.23907	0.40665	0.5696	0.68641	0.74798	0.77722	0.7999	0.82262	0.84214	0.85707	0.86735	0.87316
0.47446	0.49687	0.51478	0.52738	0.53088	0.52018	0.49601	0.46345	0.42743	0.39828	0.37106	0.34432	0.3287	0.32864	0.33033	0.32979	0.34483	0.40085	0.50143	0.61171	0.69597	0.7412	0.76538	0.77619	0.78299	0.79684	0.81728	0.83588	0.85078	0.86334	0.87176
0.18282	0.19544	0.20269	0.20543	0.20453	0.19173	0.16843	0.14073	0.1148	0.09637	0.08169	0.06834	0.0611	0.06097	0.06131	0.06018	0.06457	0.08852	0.14736	0.2447	0.37096	0.48302	0.55551	0.57944	0.58119	0.60102	0.65636	0.73077	0.79596	0.8389	0.86183
0.29949	0.3183	0.33068	0.33592	0.33575	0.32017	0.29068	0.2546	0.21978	0.19378	0.17203	0.15075	0.13853	0.13827	0.13891	0.13691	0.1447	0.18319	0.26634	0.39273	0.54745	0.67023	0.74182	0.7722	0.78318	0.79674	0.81828	0.83905	0.85484	0.86525	0.8713
0.33358	0.35755	0.37678	0.38817	0.39342	0.38226	0.35165	0.3117	0.26883	0.23494	0.20874	0.18312	0.16286	0.15648	0.15709	0.15358	0.15147	0.17081	0.22746	0.32271	0.44475	0.54993	0.61787	0.64187	0.64543	0.66274	0.70078	0.74008	0.77909	0.82525	0.8585
0.1783	0.19019	0.19647	0.19956	0.19865	0.18713	0.16544	0.13931	0.11427	0.09656	0.08223	0.06934	0.06195	0.062	0.0622	0.06105	0.06526	0.08887	0.14591	0.23829	0.34953	0.43589	0.48574	0.51017	0.52754	0.55259	0.58767	0.63388	0.6895	0.74965	0.80111
0.148	0.15844	0.16383	0.1656	0.16469	0.15387	0.13401	0.11084	0.08919	0.07404	0.06241	0.05209	0.0469	0.04688	0.04726	0.04643	0.05004	0.06973	0.1216	0.21617	0.35162	0.48634	0.58931	0.65031	0.68599	0.71406	0.7372	0.75632	0.78036	0.81345	0.84218
0.1495	0.15319	0.15324	0.15165	0.14962	0.14232	0.13027	0.11492	0.09895	0.08698	0.07664	0.06619	0.06058	0.06096	0.06158	0.06057	0.06506	0.08807	0.14327	0.22959	0.32977	0.40878	0.4545	0.46349	0.46016	0.47988	0.54075	0.63336	0.72659	0.7965	0.83688
0.20079	0.21429	0.22357	0.22758	0.22262	0.20674	0.18145	0.15375	0.12903	0.10957	0.09395	0.08294	0.07787	0.07666	0.07734	0.08313	0.09977	0.13646	0.19945	0.28735	0.39529	0.49003	0.55993	0.60972	0.65393	0.70168	0.74641	0.78217	0.81194	0.83617	0.85395
0.14562	0.14384	0.14093	0.13891	0.13781	0.13638	0.13348	0.127	0.11788	0.10993	0.10098	0.09258	0.0887	0.08902	0.08916	0.09114	0.10279	0.13636	0.19684	0.2718	0.33943	0.37584	0.38982	0.39881	0.41833	0.45698	0.51428	0.58471	0.65802	0.72507	0.77634
0.18755	0.20772	0.22094	0.22795	0.22779	0.21037	0.1783	0.14241	0.11135	0.09032	0.07451	0.0613	0.05458	0.05419	0.05448	0.05347	0.05764	0.07998	0.1368	0.23784	0.38306	0.53277	0.65251	0.7184	0.74644	0.76849	0.79551	0.82169	0.84349	0.86207	0.87429
0.07356	0.06881	0.06537	0.06342	0.06124	0.0563	0.0486	0.04076	0.03464	0.03038	0.02818	0.02724	0.0269	0.0277	0.03002	0.03481	0.04274	0.05982	0.09934	0.16644	0.24647	0.30171	0.32943	0.34259	0.3589	0.39178	0.44534	0.51591	0.59557	0.679	0.75144
0.04937	0.0457	0.0439	0.04356	0.04459	0.04442	0.04402	0.04217	0.04041	0.03887	0.03709	0.03453	0.03291	0.03305	0.03301	0.03272	0.03354	0.04032	0.05923	0.09236	0.12976	0.15312	0.16261	0.16717	0.17726	0.20205	0.24636	0.31397	0.40324	0.51222	0.62113
0.09391	0.0919	0.09113	0.09251	0.09361	0.09323	0.09103	0.08769	0.08326	0.07934	0.0743	0.06847	0.06681	0.069	0.06933	0.06977	0.08068	0.11679	0.18702	0.27001	0.33329	0.36223	0.37317	0.37727	0.38506	0.40489	0.43789	0.48689	0.55257	0.63431	0.71463
0.22779	0.2227	0.21725	0.21186	0.20865	0.20445	0.19997	0.19469	0.18936	0.18557	0.1818	0.17467	0.17124	0.17541	0.17824	0.17583	0.18267	0.21577	0.2769	0.34345	0.39269	0.41604	0.42573	0.42993	0.43873	0.46045	0.49514	0.5447	0.60833	0.68466	0.75504
0.04282	0.04221	0.04117	0.041	0.04166	0.04232	0.04236	0.04078	0.03785	0.03489	0.03236	0.02918	0.02693	0.02636	0.02661	0.02632	0.02604	0.02931	0.04161	0.07093	0.11717	0.15638	0.17811	0.1899	0.206	0.23576	0.28137	0.34419	0.42033	0.50669	0.58792
0.25945	0.25723	0.25424	0.25204	0.25095	0.25062	0.25029	0.24644	0.23883	0.23048	0.2214	0.21161	0.20732	0.20825	0.20887	0.21139	0.22848	0.27191	0.34133	0.4159	0.47132	0.49526	0.50384	0.51132	0.53088	0.5696	0.62177	0.68027	0.73488	0.7825	0.81434
0.03971	0.03936	0.03827	0.03758	0.0374	0.03611	0.03433	0.03187	0.02923	0.02725	0.02519	0.02391	0.02336	0.02347	0.02336	0.02385	0.02528	0.03073	0.04279	0.06232	0.08126	0.09089	0.09331	0.09565	0.10426	0.12364	0.15543	0.20094	0.25707	0.32379	0.39251
0.03552	0.03493	0.03505	0.03412	0.03368	0.03126	0.02865	0.02525	0.02302	0.02138	0.02053	0.01979	0.01988	0.02	0.0202	0.02052	0.02162	0.02473	0.03604	0.06737	0.12647	0.18563	0.22564	0.24775	0.26929	0.30206	0.34944	0.41206	0.48557	0.56571	0.63723
0.41821	0.42125	0.42447	0.42534	0.4243	0.42034	0.41776	0.41894	0.42196	0.42576	0.43017	0.43122	0.43801	0.4477	0.44848	0.4455	0.46243	0.50726	0.55474	0.5777	0.58823	0.60153	0.60982	0.6015	0.59125	0.61014	0.66606	0.74085	0.80378	0.84609	0.86575
0.23935	0.23602	0.23249	0.23019	0.23076	0.23292	0.23652	0.23736	0.23536	0.23206	0.22782	0.22136	0.21949	0.22215	0.22375	0.22658	0.24458	0.29008	0.36187	0.43731	0.49126	0.51309	0.51974	0.5265	0.54601	0.5852	0.638	0.69649	0.75004	0.7951	0.8248
0.07686	0.07821	0.07878	0.07803	0.07602	0.07072	0.06266	0.05302	0.04423	0.0377	0.03283	0.02906	0.02766	0.02762	0.02749	0.02804	0.0313	0.04302	0.07352	0.12897	0.19845	0.24735	0.27173	0.28497	0.3034	0.33708	0.38706	0.45317	0.52888	0.60845	0.67649
0.08253	0.08473	0.08509	0.08472	0.08438	0.08059	0.07295	0.0631	0.0526	0.04438	0.03865	0.03315	0.02967	0.02854	0.02882	0.02834	0.02816	0.03254	0.0494	0.09197	0.1688	0.25225	0.31901	0.3587	0.38342	0.41035	0.44547	0.49457	0.55897	0.63917	0.71717
0.06546	0.06571	0.06484	0.06318	0.06268	0.05994	0.05536	0.04925	0.04283	0.03736	0.03352	0.0295	0.02692	0.02618	0.02635	0.02598	0.02581	0.02897	0.04183	0.07254	0.12212	0.16484	0.18919	0.2019	0.21852	0.24851	0.2943	0.35689	0.43261	0.51973	0.60186
0.08483	0.0827	0.0805	0.07896	0.07839	0.07826	0.0783	0.07658	0.07354	0.06993	0.06615	0.06196	0.05987	0.06013	0.06022	0.06083	0.06691	0.08425	0.11221	0.14032	0.15842	0.16382	0.16301	0.16447	0.17561	0.20117	0.24192	0.29854	0.36842	0.45112	0.53347
0.1437	0.14811	0.15273	0.15698	0.15855	0.15457	0.14569	0.13393	0.1211	0.1106	0.0998	0.08946	0.08531	0.08627	0.08534	0.08495	0.09586	0.1318	0.19389	0.25638	0.29464	0.30882	0.31355	0.31523	0.32156	0.33926	0.36973	0.41706	0.48327	0.57156	0.66491
0.59772	0.62963	0.66057	0.68104	0.69152	0.68634	0.67397	0.66192	0.64873	0.63369	0.62722	0.62705	0.62927	0.63608	0.65948	0.69834	0.73578	0.75673	0.76674	0.772	0.77534	0.77726	0.78304	0.79337	0.80915	0.82866	0.84004	0.84248	0.84836	0.86271	0.87333
0.11462	0.11392	0.1122	0.11	0.109	0.10675	0.10299	0.09632	0.08812	0.0798	0.07224	0.06511	0.0616	0.06126	0.06106	0.06174	0.06904	0.08967	0.12466	0.16187	0.1877	0.19616	0.19692	0.19927	0.21216	0.24068	0.28533	0.3464	0.42047	0.50543	0.5857
0.24033	0.35137	0.50686	0.57527	0.58429	0.57642	0.5606	0.54966	0.54086	0.53488	0.53273	0.53791	0.54847	0.56349	0.58574	0.62329	0.67399	0.72757	0.76608	0.7853	0.79193	0.79652	0.80448	0.81313	0.82156	0.83094	0.8307	0.82247	0.82718	0.85263	0.87472
0.49572	0.5125	0.52847	0.53587	0.53795	0.53326	0.52742	0.5247	0.52178	0.5183	0.51824	0.51452	0.51431	0.52537	0.54143	0.55191	0.56912	0.61303	0.67924	0.74073	0.77963	0.7966	0.80711	0.81644	0.82577	0.83726	0.84626	0.85368	0.86039	0.86906	0.87429
0.47326	0.48362	0.49324	0.49966	0.50236	0.49981	0.4964	0.49386	0.49117	0.48852	0.48504	0.47915	0.48027	0.48648	0.48657	0.48574	0.50651	0.55678	0.61172	0.64193	0.65661	0.67004	0.6801	0.67863	0.67503	0.69373	0.73757	0.78967	0.83013	0.85694	0.86915
0.48982	0.51809	0.54806	0.56852	0.57805	0.57288	0.56055	0.54621	0.52924	0.5122	0.4958	0.47755	0.47043	0.47334	0.47278	0.47272	0.4983	0.56582	0.65661	0.72523	0.75978	0.7745	0.78272	0.78382	0.78369	0.79544	0.81506	0.83585	0.85108	0.86351	0.86932
0.53447	0.55423	0.57568	0.59032	0.59427	0.58189	0.56036	0.53696	0.50941	0.48553	0.47591	0.46963	0.47029	0.48785	0.52402	0.56591	0.61507	0.67756	0.73824	0.77796	0.7976	0.80589	0.81433	0.82147	0.8276	0.83609	0.84121	0.84653	0.8542	0.86644	0.87471
0.57045	0.60034	0.63092	0.65289	0.66474	0.66386	0.65587	0.64605	0.63395	0.61961	0.6065	0.59328	0.58545	0.58271	0.58446	0.59422	0.61974	0.66217	0.71188	0.75397	0.78317	0.80006	0.81479	0.82829	0.84011	0.85175	0.85716	0.85903	0.86084	0.86578	0.86793
0.56224	0.61403	0.67108	0.70488	0.71902	0.71246	0.70064	0.69093	0.68033	0.66763	0.65604	0.64147	0.63469	0.63401	0.6317	0.633	0.65458	0.69685	0.73956	0.76575	0.77812	0.78113	0.78566	0.79326	0.80559	0.82177	0.83114	0.83482	0.83945	0.85031	0.85841
0.30655	0.31226	0.31864	0.32325	0.32487	0.31944	0.30891	0.29466	0.27898	0.26482	0.25045	0.23555	0.22973	0.23103	0.22905	0.22756	0.24482	0.29419	0.36292	0.41403	0.44208	0.46196	0.47179	0.46235	0.45069	0.46932	0.53249	0.63056	0.72879	0.80376	0.84431
0.29387	0.29752	0.29713	0.29437	0.29141	0.28345	0.27104	0.25553	0.2381	0.22388	0.2102	0.19424	0.18511	0.18558	0.18586	0.182	0.18825	0.22006	0.27447	0.32505	0.36166	0.38736	0.39951	0.39061	0.37896	0.39494	0.45578	0.55759	0.67147	0.76676	0.82411
0.47036	0.49102	0.51239	0.5237	0.52774	0.52291	0.51718	0.51222	0.50821	0.50477	0.501	0.49376	0.49546	0.50385	0.50712	0.50917	0.53557	0.60191	0.68732	0.75025	0.78258	0.79739	0.80891	0.81627	0.82194	0.83221	0.8434	0.85309	0.86049	0.868	0.87146
0.42267	0.43851	0.45946	0.48357	0.50749	0.52261	0.52744	0.5174	0.49494	0.46849	0.4374	0.40862	0.39545	0.39418	0.39052	0.3936	0.42645	0.5052	0.61058	0.69722	0.74691	0.76459	0.77213	0.78184	0.79818	0.82021	0.83891	0.85091	0.85898	0.86537	0.86978
0.54417	0.56302	0.579	0.59033	0.59591	0.59564	0.59266	0.58955	0.58442	0.58216	0.57727	0.56647	0.56048	0.56395	0.56437	0.55789	0.56355	0.59662	0.64201	0.67248	0.69165	0.70711	0.71754	0.71743	0.7158	0.73326	0.77312	0.81804	0.85302	0.87549	0.88766
0.32402	0.35019	0.37258	0.38763	0.39523	0.38411	0.34952	0.30462	0.25816	0.22183	0.19401	0.16756	0.14722	0.14016	0.13909	0.13447	0.13156	0.14685	0.18966	0.25043	0.31205	0.35772	0.38082	0.37739	0.36736	0.3831	0.44301	0.54464	0.66254	0.76438	0.82943
0.22732	0.24061	0.24932	0.25504	0.25765	0.25019	0.22935	0.20145	0.17097	0.14628	0.12741	0.10917	0.09459	0.08999	0.09009	0.08727	0.08528	0.09772	0.13565	0.19901	0.27091	0.3211	0.34815	0.36047	0.37155	0.39163	0.4238	0.47078	0.5352	0.61662	0.6996
0.31123	0.32719	0.33667	0.3413	0.34066	0.32842	0.30512	0.27562	0.24539	0.22153	0.20067	0.17978	0.16724	0.16536	0.16447	0.16032	0.16508	0.19353	0.24439	0.29461	0.3333	0.35979	0.37241	0.36563	0.35556	0.37037	0.42617	0.5222	0.63632	0.73911	0.806
0.18805	0.20761	0.22184	0.22996	0.23327	0.22151	0.19239	0.15665	0.12273	0.09812	0.08117	0.06636	0.05594	0.05288	0.053	0.05128	0.05022	0.05859	0.08688	0.14198	0.21822	0.28666	0.33053	0.34102	0.3376	0.35341	0.40874	0.50414	0.61936	0.72611	0.80007
0.15564	0.1727	0.18542	0.19231	0.19473	0.18368	0.15826	0.12758	0.09902	0.07805	0.06436	0.05237	0.04446	0.04162	0.04133	0.0399	0.03906	0.04429	0.06181	0.0927	0.13032	0.1611	0.17861	0.17774	0.17107	0.18	0.21915	0.29419	0.40114	0.53356	0.65833
0.1435	0.15725	0.16587	0.17037	0.17163	0.16239	0.14055	0.11434	0.08915	0.07068	0.05856	0.048	0.04084	0.0388	0.03884	0.0379	0.03729	0.04351	0.0654	0.11182	0.18122	0.24596	0.28846	0.29948	0.2964	0.31049	0.3615	0.4532	0.57022	0.68845	0.77604
0.17098	0.17984	0.18493	0.18669	0.18652	0.17873	0.16137	0.13864	0.11494	0.09599	0.08219	0.06898	0.05941	0.05647	0.05665	0.05512	0.05425	0.06304	0.09053	0.13797	0.19545	0.24147	0.26725	0.26842	0.26233	0.2763	0.32774	0.4207	0.54297	0.67101	0.76973
0.37218	0.39572	0.42203	0.44443	0.45475	0.44603	0.42012	0.38429	0.34813	0.31931	0.29195	0.26731	0.25563	0.25487	0.25168	0.25019	0.26932	0.3265	0.4126	0.48456	0.52748	0.55374	0.56551	0.55817	0.54883	0.56799	0.62739	0.70825	0.78098	0.83137	0.85989
0.09844	0.10153	0.10323	0.10494	0.10816	0.10555	0.09502	0.07935	0.06367	0.05179	0.04301	0.0357	0.03154	0.03027	0.02964	0.02865	0.02866	0.03348	0.04663	0.06744	0.08645	0.09278	0.09286	0.09746	0.11537	0.15192	0.20812	0.28067	0.3614	0.44641	0.52229
0.10132	0.11318	0.12111	0.12553	0.12702	0.11918	0.10069	0.07965	0.06078	0.04797	0.03967	0.03336	0.02919	0.0282	0.02789	0.0275	0.02703	0.02992	0.04029	0.06164	0.09219	0.11977	0.13689	0.1379	0.13264	0.13936	0.17106	0.23379	0.3249	0.44386	0.57039
0.3935	0.41149	0.42745	0.44071	0.45197	0.44763	0.42192	0.38186	0.33677	0.29988	0.26856	0.23844	0.21739	0.21205	0.21063	0.205	0.20744	0.2394	0.3105	0.40275	0.47885	0.51153	0.522	0.53619	0.56963	0.62021	0.66403	0.687	0.71641	0.76942	0.81562
0.03499	0.03486	0.03442	0.03404	0.03382	0.03211	0.03037	0.02759	0.02501	0.02342	0.02221	0.02122	0.02104	0.02109	0.02116	0.02149	0.02244	0.02582	0.03489	0.05074	0.06841	0.07771	0.08024	0.08215	0.0898	0.10718	0.13686	0.18014	0.2347	0.2992	0.36674
0.33909	0.33793	0.33526	0.33446	0.33617	0.34134	0.35029	0.35866	0.36489	0.37123	0.37592	0.37743	0.37977	0.38365	0.38388	0.38389	0.39399	0.41797	0.44479	0.462	0.46902	0.46755	0.46374	0.46579	0.48248	0.52021	0.57477	0.63931	0.70393	0.76012	0.8006
0.04977	0.0466	0.04474	0.04387	0.04463	0.04415	0.04327	0.04174	0.04042	0.03862	0.03684	0.03475	0.03393	0.03342	0.03329	0.03433	0.03747	0.04441	0.05475	0.06539	0.0732	0.07382	0.07223	0.07492	0.08875	0.11868	0.16718	0.23083	0.30282	0.38217	0.46024
0.05876	0.05627	0.055	0.05479	0.05568	0.05703	0.0596	0.06093	0.06067	0.05993	0.05863	0.05535	0.05228	0.05134	0.05023	0.04757	0.04641	0.05088	0.06045	0.06936	0.07477	0.07618	0.07605	0.07642	0.08194	0.09743	0.12798	0.17885	0.251	0.34833	0.46227
0.04044	0.04043	0.03951	0.03919	0.03883	0.03747	0.03554	0.03263	0.02965	0.02758	0.02546	0.02385	0.02341	0.02348	0.02343	0.02379	0.02515	0.02992	0.04088	0.05714	0.07213	0.07871	0.07983	0.0813	0.08857	0.10583	0.13507	0.17794	0.23205	0.29653	0.36434
0.29749	0.29421	0.29055	0.28865	0.28925	0.29276	0.29932	0.30368	0.30559	0.30753	0.30753	0.30509	0.30519	0.30809	0.30859	0.30979	0.32225	0.35188	0.38831	0.41569	0.42896	0.43027	0.4273	0.42947	0.44613	0.4831	0.53825	0.60523	0.67442	0.73625	0.78255
0.1576	0.15109	0.14579	0.14199	0.1392	0.13653	0.13464	0.13327	0.13301	0.13492	0.1351	0.13432	0.13758	0.14354	0.1441	0.14334	0.15483	0.18707	0.2259	0.24727	0.25796	0.26904	0.27361	0.26474	0.25578	0.26905	0.32006	0.41223	0.53468	0.66254	0.76114
0.17493	0.16763	0.15979	0.15397	0.15008	0.14697	0.14448	0.14282	0.14207	0.14343	0.1434	0.14061	0.13958	0.14319	0.14297	0.13798	0.13943	0.15668	0.18077	0.19541	0.20484	0.21649	0.22199	0.21373	0.20374	0.21441	0.26007	0.34611	0.46572	0.60255	0.71707
0.29421	0.29249	0.28953	0.28796	0.28883	0.29273	0.29923	0.30338	0.30518	0.30668	0.30627	0.30311	0.30214	0.30369	0.30278	0.30228	0.31142	0.33383	0.35948	0.37639	0.38339	0.38211	0.37791	0.37934	0.39471	0.42997	0.48385	0.55262	0.62711	0.69784	0.75314
0.09556	0.09701	0.09669	0.09586	0.09457	0.09093	0.08456	0.07525	0.06575	0.05757	0.05046	0.0445	0.04156	0.04096	0.04044	0.04068	0.04507	0.05772	0.08057	0.1051	0.12251	0.12777	0.12748	0.12875	0.1391	0.1626	0.20112	0.25508	0.32167	0.39993	0.48067
