0.142192	0.139481	0.134225	0.136408	0.143151	0.159644	0.192599	0.238551	0.313813	0.400114	0.470794	0.504008	0.491135	0.452344	0.399241	0.336156	0.275331	0.227617	0.190240	0.155190	0.116909	0.097886	0.092577	0.088029	0.084809	0.075431	0.053120	0.037366	0.036016	0.052426	0.101371	
0.493580	0.502259	0.515349	0.529006	0.541705	0.553314	0.565518	0.575469	0.579152	0.573782	0.566984	0.565988	0.567539	0.574543	0.591347	0.627040	0.673519	0.717865	0.745216	0.758961	0.763675	0.767246	0.770652	0.776770	0.789959	0.806193	0.823113	0.834894	0.847612	0.846922	0.851388	
0.157892	0.145710	0.137612	0.135549	0.138759	0.148882	0.168005	0.189999	0.211980	0.218640	0.212618	0.197321	0.180625	0.164788	0.153446	0.144364	0.135316	0.125716	0.119865	0.117765	0.117046	0.114933	0.112129	0.112506	0.121241	0.142037	0.176296	0.222662	0.308019	0.356411	0.430899	
0.429485	0.413632	0.407457	0.409223	0.420330	0.446007	0.494871	0.558262	0.646327	0.721101	0.764506	0.783583	0.784856	0.783349	0.776172	0.764085	0.746283	0.729327	0.710441	0.684560	0.640494	0.619619	0.619066	0.616605	0.611012	0.585245	0.508909	0.435586	0.428925	0.496819	0.628729	
0.044414	0.047631	0.052380	0.055385	0.056378	0.055087	0.050762	0.045550	0.039080	0.033827	0.031097	0.029051	0.028154	0.028100	0.029128	0.031129	0.033364	0.037189	0.046671	0.066366	0.099764	0.140092	0.171540	0.191215	0.205204	0.224547	0.256164	0.301979	0.400440	0.466887	0.568652	
0.328615	0.344140	0.356854	0.364238	0.365526	0.359651	0.345098	0.327789	0.304833	0.283504	0.265435	0.249810	0.242615	0.240642	0.241024	0.249855	0.272793	0.315242	0.368399	0.417856	0.452855	0.468753	0.472223	0.478484	0.497812	0.534068	0.585012	0.641997	0.717032	0.739194	0.771176	
0.350903	0.353523	0.355567	0.359263	0.368431	0.384420	0.411240	0.440005	0.465256	0.471935	0.463900	0.444382	0.420722	0.395150	0.371059	0.348743	0.326326	0.302266	0.279840	0.262628	0.246059	0.235189	0.230089	0.230869	0.236967	0.244373	0.238645	0.218085	0.225094	0.280321	0.399578	
0.438063	0.448141	0.457088	0.465144	0.470810	0.479377	0.493836	0.508871	0.524126	0.536443	0.548403	0.556411	0.556637	0.554503	0.552310	0.550870	0.547135	0.546798	0.550213	0.566415	0.580530	0.586730	0.587459	0.591706	0.610835	0.644902	0.690639	0.736379	0.790909	0.804543	0.823805	
0.101284	0.100450	0.099037	0.098730	0.099366	0.102028	0.108204	0.114320	0.121777	0.128967	0.135953	0.140916	0.140334	0.135771	0.127504	0.118039	0.107794	0.095854	0.085634	0.079511	0.076376	0.072786	0.070741	0.070537	0.076846	0.092023	0.118324	0.155354	0.227802	0.271484	0.338278	
0.077976	0.063521	0.057093	0.056897	0.059468	0.068968	0.091055	0.127184	0.201160	0.306572	0.434026	0.554298	0.617170	0.634952	0.623363	0.586369	0.533737	0.486861	0.443887	0.395009	0.328365	0.294373	0.291069	0.286602	0.277371	0.250939	0.189912	0.131758	0.124428	0.153351	0.243012	
0.075531	0.082853	0.085841	0.086155	0.082906	0.077173	0.070686	0.064543	0.057396	0.050216	0.044393	0.039593	0.036422	0.034162	0.033494	0.033536	0.033693	0.034491	0.038750	0.048814	0.062592	0.072894	0.076798	0.080504	0.088594	0.105885	0.134964	0.174926	0.251178	0.295624	0.363961	
0.060477	0.049883	0.044968	0.044721	0.046205	0.052501	0.067486	0.090300	0.128069	0.163063	0.177284	0.173555	0.161357	0.149739	0.143952	0.139665	0.136372	0.135072	0.137650	0.148364	0.159581	0.162579	0.162681	0.163716	0.174081	0.198243	0.237123	0.288397	0.380230	0.430438	0.505453	
0.509270	0.523396	0.542880	0.558001	0.568738	0.580669	0.598425	0.617555	0.640132	0.660886	0.682670	0.702930	0.715669	0.722843	0.728007	0.731400	0.733156	0.735509	0.744360	0.758523	0.770064	0.777951	0.783756	0.791603	0.804842	0.819868	0.835523	0.845491	0.855440	0.854956	0.858318	
0.353691	0.349833	0.350855	0.349546	0.343381	0.328703	0.303732	0.279652	0.253218	0.231555	0.218029	0.212271	0.213680	0.218411	0.233095	0.267556	0.329475	0.431573	0.558746	0.674390	0.751766	0.791025	0.809629	0.823840	0.837018	0.846447	0.853813	0.853913	0.854656	0.850870	0.850503	
0.107993	0.112928	0.114559	0.115052	0.115720	0.117546	0.121912	0.127020	0.134438	0.142729	0.152791	0.163582	0.171835	0.171497	0.166503	0.151324	0.131383	0.110868	0.093429	0.078536	0.063647	0.055778	0.052855	0.051465	0.050824	0.049068	0.039069	0.031860	0.031224	0.043728	0.082161	
0.078744	0.078618	0.079911	0.081004	0.080292	0.075865	0.066916	0.057739	0.048830	0.042181	0.038829	0.036922	0.036808	0.038246	0.041809	0.049198	0.066583	0.103822	0.169451	0.260853	0.374515	0.501584	0.611461	0.699483	0.761184	0.800554	0.827253	0.837276	0.840895	0.838859	0.837119	
0.350327	0.349377	0.351031	0.353107	0.356042	0.364853	0.382945	0.403266	0.428027	0.454661	0.485197	0.516788	0.539424	0.553528	0.563069	0.570176	0.572245	0.574583	0.585542	0.606707	0.624521	0.633407	0.636776	0.643819	0.661571	0.690972	0.728453	0.763277	0.801714	0.810206	0.821638	
0.325281	0.366785	0.414693	0.468071	0.507735	0.516902	0.490782	0.455060	0.406820	0.364776	0.329864	0.293946	0.265915	0.245594	0.228092	0.210015	0.197355	0.191631	0.187888	0.184931	0.184425	0.185615	0.186300	0.187212	0.190901	0.206258	0.236678	0.283662	0.384704	0.454212	0.564287	
0.153113	0.144698	0.139556	0.137929	0.139595	0.146664	0.161799	0.179239	0.204523	0.236319	0.280628	0.343059	0.418223	0.498650	0.568999	0.623966	0.657380	0.672971	0.676862	0.679411	0.679718	0.679703	0.680075	0.684483	0.701365	0.727381	0.759292	0.786833	0.818045	0.820471	0.826341	
0.029380	0.029073	0.028905	0.028926	0.029005	0.029554	0.030239	0.030727	0.031217	0.031441	0.031540	0.031771	0.031878	0.032145	0.032654	0.033614	0.034866	0.038130	0.041646	0.045002	0.046707	0.046913	0.046514	0.047149	0.050539	0.060603	0.078356	0.105306	0.163420	0.200422	0.257141	
0.386698	0.386097	0.387771	0.388784	0.388730	0.390774	0.399910	0.412897	0.430243	0.449935	0.475434	0.505937	0.536809	0.565199	0.588682	0.606670	0.615694	0.623864	0.638355	0.660124	0.680314	0.696681	0.706331	0.714081	0.725263	0.743540	0.768975	0.794049	0.826498	0.831619	0.840530	
0.191778	0.185099	0.178456	0.180621	0.188112	0.207205	0.243902	0.293829	0.369966	0.446163	0.491041	0.498019	0.475379	0.440471	0.399405	0.352504	0.304510	0.263301	0.228795	0.195160	0.155586	0.135903	0.130838	0.126044	0.122489	0.110657	0.079393	0.055554	0.053280	0.079671	0.150093	
0.466978	0.477163	0.491030	0.499543	0.502798	0.506102	0.513644	0.524872	0.539350	0.553159	0.570893	0.589764	0.606682	0.620935	0.635784	0.649555	0.656566	0.668885	0.692218	0.726939	0.756739	0.776709	0.788127	0.799452	0.813129	0.826946	0.840108	0.846786	0.852483	0.852308	0.854987	
0.525506	0.550257	0.582712	0.608117	0.626603	0.641491	0.655867	0.669195	0.677410	0.675995	0.667160	0.652833	0.635299	0.617625	0.602917	0.591502	0.577138	0.561152	0.547764	0.542505	0.539226	0.535188	0.531351	0.534158	0.551635	0.587049	0.636037	0.690236	0.755241	0.773034	0.799733	
0.034482	0.035996	0.037123	0.037814	0.037634	0.036664	0.034473	0.032165	0.029059	0.026927	0.024936	0.023708	0.023175	0.023158	0.023623	0.024671	0.025934	0.030308	0.037564	0.046464	0.054864	0.057833	0.058784	0.059951	0.065177	0.078014	0.100430	0.133113	0.199297	0.239905	0.302134	
0.024722	0.024004	0.023672	0.023580	0.023525	0.023858	0.024651	0.025564	0.027229	0.028967	0.032359	0.037751	0.045250	0.056606	0.069557	0.082657	0.095607	0.108704	0.120166	0.128218	0.132442	0.132214	0.130917	0.131362	0.140696	0.162603	0.197797	0.244448	0.327129	0.373222	0.442284	
0.405480	0.464854	0.515605	0.565210	0.609589	0.638778	0.656689	0.672244	0.682401	0.682337	0.670029	0.645127	0.609567	0.565450	0.514238	0.456071	0.396968	0.346937	0.304302	0.264373	0.220620	0.196506	0.187290	0.181444	0.178032	0.166803	0.134371	0.106245	0.111371	0.157487	0.248362	
0.082896	0.075256	0.071614	0.068887	0.066824	0.064725	0.062082	0.059293	0.055835	0.053219	0.052298	0.053328	0.055883	0.060284	0.069074	0.088003	0.123584	0.178801	0.233188	0.264276	0.276295	0.275066	0.272614	0.273063	0.286916	0.317408	0.364163	0.423952	0.524015	0.569538	0.634466	
0.129674	0.120020	0.114883	0.112359	0.110842	0.109535	0.107392	0.104621	0.100224	0.096256	0.095256	0.096780	0.101972	0.109215	0.123487	0.155017	0.214299	0.314572	0.442235	0.553592	0.618963	0.643946	0.649869	0.658113	0.676975	0.705406	0.742435	0.773488	0.809463	0.813925	0.822532	
0.268582	0.265581	0.263806	0.264240	0.265576	0.271639	0.282851	0.293703	0.304997	0.315550	0.326677	0.337176	0.347491	0.356827	0.364482	0.377871	0.404340	0.448586	0.497410	0.538049	0.562135	0.571327	0.573258	0.578226	0.597957	0.632193	0.678130	0.724913	0.779321	0.792384	0.810740	
0.059134	0.060873	0.061531	0.061453	0.061421	0.062333	0.064760	0.067399	0.071049	0.075238	0.081393	0.084887	0.084577	0.080661	0.073671	0.064907	0.056198	0.048631	0.042832	0.038839	0.035736	0.033790	0.033783	0.034974	0.036442	0.036705	0.034208	0.028766	0.029160	0.040207	0.075648	
0.219198	0.245237	0.265102	0.274903	0.272145	0.255017	0.227922	0.201724	0.171022	0.144586	0.124823	0.107293	0.094717	0.088239	0.086815	0.086001	0.086772	0.095699	0.120798	0.164365	0.220268	0.269556	0.297655	0.310784	0.321559	0.342262	0.379280	0.434321	0.547282	0.608872	0.694295	
0.143414	0.142318	0.139861	0.137569	0.135251	0.134100	0.135147	0.136921	0.138552	0.139697	0.141277	0.141919	0.141492	0.139893	0.138360	0.136108	0.132468	0.128288	0.127582	0.130080	0.132970	0.133134	0.131887	0.132588	0.142396	0.165009	0.200366	0.248274	0.333171	0.381672	0.455419	
0.220047	0.217097	0.214774	0.215216	0.216807	0.221056	0.229527	0.236543	0.243063	0.248878	0.254498	0.259185	0.265587	0.272468	0.279550	0.292914	0.321104	0.373150	0.443372	0.514520	0.568924	0.598658	0.610167	0.620804	0.640818	0.672092	0.711616	0.748528	0.790492	0.798989	0.811844	
0.352135	0.332763	0.322706	0.322609	0.331497	0.352939	0.394159	0.447330	0.517228	0.571386	0.592969	0.587516	0.571254	0.558953	0.548379	0.536040	0.524902	0.524817	0.525527	0.527781	0.527454	0.523543	0.519521	0.522209	0.539573	0.574676	0.623409	0.676881	0.744069	0.763255	0.791569	
0.117712	0.121706	0.124417	0.125803	0.125593	0.123339	0.118935	0.111579	0.101601	0.092050	0.083925	0.076882	0.073992	0.073363	0.074482	0.078171	0.090182	0.115487	0.152365	0.189124	0.217122	0.228809	0.230471	0.234096	0.248833	0.277953	0.322603	0.380230	0.478197	0.526771	0.596334	
0.141838	0.176568	0.198672	0.222474	0.251807	0.280057	0.316135	0.359491	0.402735	0.423701	0.412104	0.374985	0.328050	0.277951	0.229328	0.180191	0.137205	0.104938	0.081922	0.064075	0.047733	0.040346	0.038173	0.036573	0.035253	0.032870	0.026995	0.024367	0.023822	0.029794	0.049965	
0.079754	0.081108	0.082061	0.082701	0.083071	0.083081	0.081968	0.079375	0.074932	0.070243	0.065805	0.061498	0.059781	0.058768	0.059165	0.062123	0.067639	0.080725	0.096753	0.110032	0.118140	0.118808	0.118244	0.119314	0.128938	0.150043	0.184369	0.230026	0.312425	0.359317	0.430680	
0.155366	0.148597	0.144740	0.143920	0.144823	0.150664	0.163645	0.177897	0.197027	0.219160	0.246709	0.278022	0.305657	0.325966	0.340829	0.352484	0.358634	0.365639	0.383717	0.414697	0.445401	0.463088	0.467744	0.474442	0.492563	0.529000	0.580121	0.639189	0.717369	0.739114	0.769664	
0.149577	0.169635	0.184534	0.193821	0.191620	0.175966	0.149270	0.124906	0.101033	0.083312	0.071197	0.061912	0.058295	0.057281	0.058228	0.061920	0.074158	0.104744	0.164242	0.256797	0.384177	0.532018	0.650634	0.730788	0.779961	0.809555	0.829881	0.837543	0.840547	0.838413	0.836741	
0.061276	0.049674	0.044388	0.044107	0.045991	0.053131	0.070763	0.101079	0.166937	0.266258	0.393060	0.526154	0.617575	0.670620	0.698155	0.705974	0.700199	0.688343	0.672264	0.644268	0.588102	0.556805	0.561233	0.560823	0.552785	0.516578	0.427746	0.333434	0.316294	0.355667	0.474639	
0.284960	0.265571	0.254469	0.252445	0.258784	0.276202	0.310161	0.352128	0.404305	0.439667	0.445107	0.434775	0.414720	0.393673	0.375984	0.361234	0.345905	0.328576	0.313769	0.306391	0.302399	0.296937	0.290873	0.293685	0.305221	0.336238	0.383885	0.446401	0.549474	0.595681	0.660090	
0.136120	0.112819	0.101324	0.099325	0.104750	0.119677	0.152229	0.201676	0.294418	0.421902	0.561795	0.669163	0.709706	0.720169	0.719895	0.718629	0.712134	0.705763	0.701791	0.702629	0.703174	0.703551	0.704126	0.707950	0.723002	0.746310	0.773985	0.798903	0.823859	0.827444	0.833042	
0.290850	0.323201	0.342440	0.356472	0.367003	0.371876	0.374389	0.374372	0.363192	0.345374	0.324261	0.299946	0.275988	0.251212	0.228739	0.206932	0.185537	0.163846	0.144813	0.129671	0.114672	0.105548	0.102279	0.101253	0.103369	0.102582	0.094956	0.078923	0.081428	0.117061	0.200386	
0.079007	0.074244	0.069837	0.070145	0.073422	0.083023	0.101631	0.127300	0.166310	0.199749	0.212695	0.206329	0.189453	0.168437	0.148066	0.127030	0.107232	0.088896	0.074341	0.062905	0.052080	0.045924	0.043858	0.042813	0.042675	0.041861	0.036520	0.030021	0.029805	0.039751	0.071193	
0.354257	0.343465	0.338788	0.338921	0.343507	0.356648	0.383389	0.415406	0.456431	0.498237	0.541914	0.586089	0.620527	0.641526	0.650541	0.652040	0.644069	0.631269	0.616351	0.607467	0.600489	0.595752	0.591693	0.594777	0.611710	0.643995	0.687536	0.731407	0.782912	0.794952	0.813852	
0.331404	0.351609	0.370491	0.385545	0.395658	0.386531	0.349477	0.308141	0.260117	0.224847	0.199293	0.171916	0.154536	0.151283	0.150432	0.145872	0.147290	0.177559	0.249759	0.357877	0.478510	0.568147	0.612088	0.632920	0.649430	0.671777	0.706182	0.742222	0.791395	0.802639	0.819758	
0.203993	0.180010	0.167322	0.165500	0.171817	0.189440	0.225476	0.274171	0.350127	0.425741	0.470370	0.479539	0.469648	0.456196	0.449008	0.446191	0.443885	0.443675	0.453178	0.475993	0.497814	0.507720	0.509476	0.513536	0.532062	0.567460	0.617085	0.672028	0.740388	0.759049	0.785166	
0.218976	0.218962	0.218809	0.219294	0.219984	0.221395	0.222692	0.222473	0.218455	0.213357	0.208179	0.203561	0.203366	0.204984	0.209703	0.222506	0.250899	0.305983	0.388450	0.489898	0.589694	0.662157	0.699461	0.722783	0.744905	0.768720	0.793579	0.812109	0.830566	0.830845	0.834981	
0.132483	0.131962	0.130916	0.130944	0.131753	0.134275	0.139159	0.142808	0.145142	0.146376	0.147227	0.146771	0.145997	0.144285	0.142484	0.142102	0.144306	0.148212	0.149974	0.150519	0.149968	0.146501	0.143128	0.143703	0.154016	0.177884	0.215385	0.264812	0.352201	0.400209	0.473486	
0.471060	0.484692	0.500789	0.510099	0.513701	0.516718	0.521861	0.529012	0.536710	0.541716	0.548643	0.553835	0.555286	0.555401	0.554782	0.554814	0.550245	0.546400	0.546316	0.555796	0.564216	0.565994	0.566104	0.569525	0.588225	0.623084	0.669672	0.717459	0.774608	0.788962	0.810352	
0.087655	0.071794	0.064732	0.064458	0.067553	0.078606	0.103023	0.142287	0.218118	0.316956	0.410178	0.463740	0.463898	0.439670	0.407682	0.377272	0.350332	0.325791	0.301795	0.282286	0.265637	0.259761	0.259511	0.259662	0.260020	0.259585	0.249247	0.225242	0.223000	0.270928	0.380785	
0.218531	0.217058	0.214587	0.211558	0.209315	0.208570	0.210821	0.214347	0.217935	0.220882	0.225047	0.228147	0.229242	0.229107	0.228498	0.227223	0.224112	0.220396	0.220457	0.227719	0.235381	0.235571	0.234441	0.235931	0.249432	0.278820	0.324253	0.383917	0.486739	0.536382	0.607709	
0.238950	0.249453	0.253409	0.254757	0.253964	0.252412	0.250563	0.246262	0.234016	0.216080	0.197387	0.178127	0.161753	0.147934	0.139567	0.133420	0.127430	0.121776	0.121391	0.123947	0.127089	0.127390	0.126183	0.126859	0.136449	0.158748	0.193894	0.241265	0.326226	0.374571	0.448161	
0.037382	0.037276	0.037192	0.037317	0.037547	0.038146	0.038504	0.038264	0.037336	0.036329	0.034987	0.033855	0.033441	0.033622	0.034469	0.036359	0.040465	0.050717	0.066439	0.083587	0.096892	0.101585	0.102083	0.103814	0.112620	0.132041	0.163925	0.206549	0.285130	0.328909	0.396595	
0.343952	0.354485	0.362568	0.365897	0.365953	0.365076	0.364896	0.364432	0.357575	0.346914	0.336363	0.324136	0.310375	0.298107	0.292443	0.288776	0.285532	0.284739	0.292319	0.310818	0.328785	0.335893	0.336054	0.338646	0.355387	0.389703	0.440720	0.505375	0.607903	0.647443	0.702836	
0.123329	0.125991	0.127382	0.128213	0.128634	0.128831	0.128322	0.125833	0.120650	0.114618	0.108754	0.102760	0.099927	0.097583	0.097091	0.098579	0.104849	0.116361	0.128369	0.137091	0.141303	0.140640	0.139228	0.139995	0.150084	0.173606	0.210306	0.259355	0.346565	0.395121	0.469101	
0.221835	0.206166	0.197111	0.193392	0.194244	0.201460	0.217975	0.237846	0.266062	0.296996	0.333282	0.379634	0.437355	0.506102	0.575431	0.636388	0.678528	0.703541	0.717332	0.727533	0.733039	0.737820	0.741652	0.748957	0.763210	0.782069	0.801988	0.817734	0.833116	0.832363	0.835946	
0.068035	0.064176	0.062140	0.061560	0.062471	0.065713	0.073209	0.081209	0.093354	0.108468	0.128404	0.154024	0.179149	0.199375	0.215614	0.227658	0.235515	0.243096	0.262044	0.293978	0.327457	0.347881	0.353910	0.360602	0.378017	0.413641	0.465334	0.529801	0.625961	0.660663	0.708265	
0.085675	0.070187	0.062768	0.062194	0.064871	0.075303	0.098808	0.136082	0.208907	0.305282	0.401523	0.467492	0.483619	0.475898	0.459506	0.441628	0.420954	0.397228	0.373793	0.356902	0.340567	0.328574	0.323626	0.323538	0.333268	0.348631	0.351396	0.331081	0.330730	0.381543	0.495709	
0.107053	0.104318	0.102247	0.101393	0.101222	0.102232	0.104299	0.106213	0.108105	0.109902	0.111999	0.112839	0.113965	0.117150	0.118938	0.118165	0.117898	0.130064	0.154406	0.176983	0.192015	0.201448	0.204921	0.206588	0.210120	0.224833	0.254652	0.300734	0.400053	0.468067	0.575473	
0.468473	0.477610	0.486307	0.496948	0.508337	0.525165	0.550380	0.576309	0.596996	0.597611	0.590803	0.572856	0.552285	0.533913	0.522090	0.514820	0.505488	0.498245	0.498547	0.505256	0.512565	0.513631	0.513112	0.516117	0.533557	0.568958	0.618874	0.673777	0.742432	0.762283	0.791629	
0.086503	0.087099	0.087598	0.088281	0.088765	0.089203	0.088648	0.086758	0.082987	0.078135	0.073719	0.069899	0.068281	0.067900	0.069045	0.072274	0.081928	0.101813	0.128388	0.153171	0.170376	0.176230	0.176784	0.179393	0.191609	0.217961	0.258081	0.310560	0.401641	0.449729	0.521213	
0.305721	0.351162	0.404472	0.465456	0.509348	0.518413	0.495045	0.464768	0.422766	0.380270	0.343102	0.306851	0.275872	0.247148	0.222606	0.202417	0.186389	0.172299	0.159615	0.151816	0.150896	0.151746	0.152684	0.153494	0.156307	0.169504	0.196364	0.238824	0.332397	0.399306	0.509242	
0.052264	0.052124	0.051664	0.050828	0.049518	0.048394	0.047611	0.047066	0.045757	0.044384	0.042805	0.041243	0.040088	0.039365	0.039916	0.041183	0.042674	0.045564	0.056195	0.080661	0.121882	0.166180	0.194033	0.211209	0.231786	0.263194	0.308118	0.365461	0.463126	0.511240	0.579948	
0.304519	0.327099	0.347958	0.366599	0.379042	0.372089	0.338273	0.298596	0.252814	0.218351	0.193324	0.166148	0.148853	0.144275	0.142271	0.136640	0.136236	0.159867	0.210806	0.272203	0.323110	0.352813	0.364985	0.369647	0.376513	0.397531	0.437608	0.497042	0.612298	0.664779	0.737826	
0.108538	0.102711	0.099459	0.098662	0.099502	0.105244	0.117166	0.130909	0.151559	0.177980	0.215833	0.268859	0.334051	0.405054	0.470304	0.523704	0.559836	0.579542	0.591052	0.603001	0.610063	0.613258	0.614773	0.619577	0.637859	0.669588	0.709699	0.747461	0.789024	0.796876	0.807488	
0.276574	0.268934	0.263315	0.262474	0.267024	0.278711	0.299121	0.320233	0.337322	0.339205	0.327765	0.308607	0.288406	0.268926	0.253483	0.241048	0.227997	0.213768	0.202408	0.197110	0.194331	0.190155	0.185692	0.186192	0.197546	0.223551	0.264157	0.317716	0.411741	0.462701	0.537809	
0.076693	0.075236	0.074736	0.073901	0.070789	0.064280	0.054368	0.046110	0.038636	0.033933	0.030828	0.029331	0.029061	0.029818	0.031475	0.036359	0.046510	0.073165	0.125103	0.199635	0.282762	0.347460	0.381411	0.401295	0.425921	0.463251	0.515983	0.577249	0.665082	0.693938	0.734277	
0.049010	0.042443	0.039106	0.038887	0.040433	0.046340	0.061048	0.085899	0.138600	0.211605	0.282823	0.325351	0.325957	0.304285	0.272161	0.232647	0.192376	0.157868	0.130497	0.106414	0.080851	0.067100	0.063204	0.060776	0.058954	0.053839	0.040156	0.028103	0.031759	0.037520	0.068548	
0.144950	0.129671	0.121834	0.120027	0.122211	0.127872	0.135794	0.140618	0.140643	0.134327	0.125574	0.118915	0.117921	0.119129	0.125920	0.143619	0.179482	0.245444	0.344423	0.470454	0.605842	0.712153	0.770878	0.804151	0.826293	0.840473	0.850216	0.850948	0.851561	0.847131	0.844815	
0.397842	0.394608	0.394644	0.393672	0.393414	0.396005	0.406242	0.421457	0.442074	0.467364	0.499812	0.541470	0.587492	0.633958	0.673749	0.703896	0.721105	0.732714	0.743942	0.757469	0.767690	0.775779	0.783050	0.790563	0.801126	0.813213	0.825959	0.835270	0.844466	0.843451	0.846416	
0.038655	0.039081	0.039734	0.040273	0.040627	0.041265	0.042342	0.043437	0.044793	0.045847	0.046916	0.047512	0.047334	0.046267	0.044832	0.042730	0.040853	0.038887	0.037758	0.037678	0.038579	0.040200	0.041378	0.042253	0.043530	0.046534	0.055254	0.070451	0.116005	0.159738	0.236161	
0.079178	0.073401	0.070014	0.068292	0.066416	0.063030	0.058148	0.053020	0.047732	0.045241	0.043902	0.043828	0.044662	0.051750	0.067895	0.090149	0.113296	0.145339	0.195897	0.251511	0.293167	0.311635	0.315952	0.321576	0.337259	0.367886	0.413419	0.470303	0.562859	0.602733	0.659633	
0.111125	0.096849	0.089267	0.087725	0.092681	0.105632	0.132923	0.173323	0.244103	0.332873	0.424129	0.499832	0.534571	0.534897	0.505845	0.451286	0.388898	0.336980	0.293874	0.249746	0.196509	0.169840	0.164503	0.158232	0.152414	0.134594	0.094541	0.062494	0.058191	0.083965	0.153971	
0.561099	0.589080	0.624283	0.651882	0.671506	0.686097	0.699544	0.712159	0.721433	0.721294	0.715462	0.705477	0.692088	0.680872	0.675313	0.672786	0.668143	0.668856	0.672750	0.686647	0.698377	0.704823	0.707742	0.714307	0.729088	0.752689	0.780437	0.804755	0.830219	0.835229	0.843741	
0.203003	0.252250	0.304758	0.372072	0.438209	0.470485	0.461084	0.437737	0.395451	0.350686	0.309838	0.269091	0.234308	0.201093	0.171091	0.145476	0.124776	0.107481	0.092690	0.081052	0.071277	0.067815	0.066576	0.066004	0.065452	0.064014	0.057418	0.049218	0.049361	0.066619	0.113651	
0.081108	0.076594	0.074029	0.073833	0.075142	0.078936	0.086221	0.094392	0.106207	0.120075	0.138013	0.159859	0.183780	0.206374	0.225900	0.247196	0.279041	0.331381	0.401075	0.475856	0.538923	0.577648	0.595682	0.609914	0.631814	0.663831	0.702615	0.738811	0.777941	0.786324	0.797058	
0.060457	0.048881	0.044486	0.044146	0.045952	0.052714	0.069342	0.097374	0.155750	0.237599	0.331366	0.423413	0.497165	0.556105	0.594177	0.601643	0.586602	0.558929	0.526052	0.480663	0.409724	0.372815	0.371718	0.368843	0.358355	0.326103	0.253614	0.182202	0.171070	0.203347	0.303228	
0.090635	0.087039	0.085026	0.084584	0.085607	0.088680	0.095076	0.101089	0.108635	0.116514	0.124881	0.133624	0.142997	0.151361	0.158729	0.169693	0.191678	0.230732	0.282804	0.332856	0.369924	0.386515	0.390075	0.395448	0.413584	0.449360	0.502120	0.566465	0.657899	0.689049	0.731194	
0.052506	0.049714	0.048060	0.047892	0.049411	0.053402	0.062624	0.074116	0.093074	0.116822	0.148892	0.191515	0.239190	0.280577	0.299358	0.285644	0.251092	0.213584	0.180725	0.148656	0.112572	0.093806	0.088784	0.084948	0.080758	0.073193	0.051816	0.035053	0.039955	0.048072	0.089270	
0.390921	0.394330	0.398424	0.402559	0.407047	0.414932	0.428090	0.441096	0.453954	0.465718	0.477995	0.489618	0.500850	0.513361	0.524862	0.544722	0.577205	0.628629	0.686493	0.735461	0.767388	0.784919	0.795840	0.805897	0.817337	0.827321	0.835523	0.837731	0.840776	0.838562	0.839287	
0.255822	0.253242	0.250385	0.247118	0.245151	0.245185	0.249064	0.254879	0.262603	0.270791	0.281177	0.291053	0.298083	0.298281	0.295244	0.288380	0.276813	0.260768	0.245687	0.236846	0.231229	0.225511	0.219563	0.222451	0.233162	0.261301	0.304580	0.362209	0.461846	0.512023	0.585645	
0.586882	0.614948	0.653030	0.680750	0.698169	0.704095	0.702724	0.698079	0.689801	0.676323	0.664609	0.654975	0.650688	0.651256	0.657804	0.675764	0.700499	0.733500	0.764236	0.787181	0.800671	0.808806	0.815627	0.824370	0.834639	0.844209	0.851224	0.853132	0.856174	0.854767	0.856558	
0.369452	0.360417	0.356746	0.355780	0.358743	0.368079	0.388581	0.414219	0.446892	0.479182	0.513108	0.549842	0.586016	0.620520	0.650608	0.675551	0.689911	0.704773	0.727138	0.757089	0.781524	0.798012	0.808826	0.819455	0.830864	0.840769	0.848151	0.849564	0.851451	0.848817	0.849140	
0.113822	0.109357	0.106773	0.106330	0.107247	0.110833	0.119032	0.126673	0.136037	0.145808	0.156874	0.168472	0.180480	0.192106	0.202518	0.217015	0.246181	0.301034	0.381792	0.476441	0.563835	0.621625	0.648468	0.665843	0.687543	0.716083	0.749806	0.778006	0.808669	0.812606	0.817998	
0.313996	0.312260	0.310619	0.307663	0.305892	0.305775	0.309416	0.315407	0.322205	0.328591	0.336411	0.344024	0.348784	0.352386	0.355674	0.357782	0.358411	0.358826	0.365610	0.382450	0.398059	0.403982	0.404080	0.406701	0.423985	0.458736	0.509353	0.570962	0.660548	0.691717	0.736911	
0.208297	0.218238	0.221254	0.220475	0.216282	0.209587	0.202585	0.195896	0.185850	0.174477	0.164258	0.153638	0.143296	0.134033	0.129108	0.124459	0.119787	0.116603	0.116706	0.120885	0.125828	0.126431	0.125605	0.126594	0.136567	0.159212	0.195109	0.243341	0.329996	0.378518	0.452705	
0.579638	0.607321	0.645519	0.674438	0.692835	0.704899	0.716045	0.727725	0.741531	0.751021	0.759731	0.766126	0.767750	0.769506	0.770618	0.771897	0.773040	0.775473	0.784004	0.797303	0.807158	0.814932	0.821596	0.830138	0.840665	0.850371	0.858269	0.860111	0.862653	0.860847	0.861917	
0.042070	0.041928	0.041728	0.041736	0.042036	0.042805	0.043850	0.044412	0.044630	0.044413	0.043854	0.043056	0.042240	0.041141	0.040370	0.039936	0.040019	0.040421	0.040558	0.040516	0.040308	0.039329	0.038693	0.039183	0.041996	0.050428	0.066361	0.090330	0.145690	0.182897	0.240258	
0.495267	0.533722	0.575614	0.606049	0.620180	0.618592	0.605395	0.591113	0.566713	0.535875	0.507514	0.479703	0.455214	0.437160	0.428611	0.426692	0.426360	0.430486	0.451205	0.488367	0.527796	0.558126	0.572817	0.580914	0.592019	0.616163	0.655680	0.704717	0.772683	0.792989	0.820603	
0.175128	0.167859	0.161736	0.159266	0.159865	0.163451	0.173293	0.184440	0.196564	0.205475	0.211029	0.212734	0.211885	0.205331	0.195554	0.184281	0.171354	0.155326	0.140430	0.131163	0.125946	0.121019	0.116921	0.116960	0.125655	0.146513	0.180466	0.226359	0.308585	0.355102	0.426872	
0.071652	0.071486	0.071634	0.072057	0.072645	0.073249	0.072861	0.071259	0.067917	0.064758	0.061145	0.058305	0.057465	0.058015	0.059735	0.065149	0.077472	0.108975	0.166302	0.246782	0.339043	0.416840	0.460815	0.486754	0.514760	0.554545	0.606098	0.662567	0.732818	0.751125	0.776346	
0.111579	0.104457	0.100578	0.098594	0.098861	0.101534	0.109451	0.118836	0.132838	0.150370	0.174261	0.205857	0.241525	0.275248	0.300382	0.313244	0.313112	0.304692	0.289607	0.279263	0.272563	0.266219	0.260079	0.263086	0.274834	0.305291	0.352434	0.413196	0.514570	0.561762	0.627089	
0.290536	0.289536	0.287841	0.285430	0.283815	0.284029	0.287965	0.294205	0.301817	0.310017	0.319620	0.328929	0.335373	0.335822	0.334214	0.328529	0.318799	0.304945	0.292202	0.285884	0.282352	0.277551	0.272526	0.273318	0.286946	0.317063	0.363214	0.422350	0.523579	0.569409	0.634984	
0.276443	0.268071	0.262814	0.261215	0.262409	0.268840	0.281739	0.295634	0.312589	0.331516	0.355801	0.387022	0.419863	0.451794	0.485824	0.536224	0.602132	0.670942	0.718702	0.744179	0.754365	0.759212	0.763067	0.769059	0.782458	0.799065	0.816206	0.828518	0.838504	0.837153	0.840212	
0.434385	0.428590	0.429391	0.433515	0.443146	0.462542	0.497491	0.539222	0.589760	0.631688	0.661855	0.681634	0.689107	0.688816	0.685667	0.679747	0.668211	0.654483	0.639910	0.631992	0.625489	0.620627	0.617841	0.621981	0.638459	0.668652	0.707249	0.743724	0.786018	0.799058	0.818496	
0.489367	0.502090	0.519070	0.532791	0.543027	0.555619	0.574209	0.594954	0.619898	0.643785	0.669740	0.694375	0.711597	0.722641	0.729533	0.734387	0.736014	0.738109	0.743894	0.755256	0.763685	0.769976	0.774778	0.782067	0.794717	0.809407	0.824417	0.834113	0.843008	0.842687	0.846396	
0.129391	0.174664	0.219987	0.279371	0.341981	0.376603	0.375066	0.359742	0.323352	0.282859	0.245150	0.207149	0.174315	0.143812	0.117112	0.094393	0.076077	0.062082	0.051200	0.043159	0.036625	0.033976	0.033018	0.032531	0.031940	0.030444	0.027202	0.024841	0.024417	0.030091	0.047121	
0.118874	0.097216	0.087913	0.088828	0.094897	0.112325	0.151929	0.215853	0.334808	0.475929	0.574879	0.603537	0.595606	0.590615	0.586972	0.574836	0.559167	0.563403	0.579419	0.571174	0.529154	0.520569	0.519021	0.506561	0.481405	0.426635	0.340952	0.300131	0.337120	0.433930	0.569667	
0.050960	0.048583	0.046764	0.045472	0.043357	0.040238	0.036165	0.032551	0.029464	0.027514	0.026081	0.025618	0.025684	0.026430	0.027989	0.031120	0.038750	0.060723	0.110097	0.196066	0.319768	0.470818	0.604826	0.705350	0.767309	0.803255	0.827174	0.835062	0.838146	0.835963	0.833997	
0.098395	0.107185	0.110691	0.113881	0.118344	0.125324	0.135949	0.146784	0.159749	0.172841	0.186305	0.196028	0.195532	0.188525	0.171612	0.149178	0.125464	0.103220	0.085352	0.070920	0.056584	0.049114	0.046396	0.045089	0.044424	0.042748	0.034613	0.028815	0.028654	0.039454	0.073540	
0.266370	0.259263	0.255048	0.253674	0.255004	0.261527	0.274586	0.288087	0.303523	0.319342	0.338529	0.360141	0.378810	0.394947	0.413254	0.440216	0.471010	0.508348	0.561069	0.635941	0.712670	0.768821	0.799535	0.818856	0.834137	0.845915	0.853497	0.854585	0.855807	0.851901	0.850741	
0.206165	0.230408	0.240792	0.253332	0.272262	0.295236	0.330162	0.373310	0.422390	0.453891	0.456169	0.433261	0.397498	0.355659	0.311460	0.263960	0.217622	0.178801	0.148030	0.120602	0.091743	0.077620	0.073318	0.069978	0.068097	0.061569	0.043970	0.032413	0.032573	0.048280	0.095137	
0.138969	0.134254	0.130259	0.128076	0.126778	0.126787	0.128853	0.131295	0.134351	0.137474	0.142220	0.147909	0.156852	0.167993	0.179261	0.194654	0.223231	0.275296	0.352023	0.441210	0.523653	0.577600	0.602532	0.619342	0.642529	0.674784	0.714116	0.750950	0.790473	0.798513	0.810064	
0.121895	0.136228	0.141589	0.148154	0.160943	0.178407	0.206964	0.243308	0.289099	0.322672	0.329305	0.311626	0.280976	0.244851	0.207955	0.168977	0.132516	0.103822	0.082728	0.066025	0.050615	0.043409	0.041221	0.039693	0.038546	0.035699	0.030354	0.027194	0.026342	0.033205	0.055344	
0.087534	0.085254	0.083720	0.083716	0.084480	0.086646	0.090243	0.092683	0.094789	0.096063	0.097548	0.099162	0.101249	0.105055	0.109396	0.118213	0.138087	0.178442	0.240750	0.314523	0.386883	0.437116	0.460649	0.476198	0.499474	0.536591	0.586573	0.642026	0.713877	0.734145	0.760964	
0.432001	0.443062	0.451403	0.461641	0.478652	0.503951	0.546087	0.596295	0.656011	0.701671	0.728392	0.738984	0.737995	0.727525	0.705147	0.666812	0.617109	0.571944	0.529191	0.477709	0.409001	0.381485	0.379049	0.370589	0.361275	0.329160	0.257557	0.201913	0.197273	0.256914	0.389973	
0.279655	0.282860	0.283580	0.282278	0.278490	0.274574	0.272642	0.271594	0.268046	0.262418	0.257926	0.252404	0.246098	0.240575	0.240531	0.241038	0.242684	0.245813	0.261918	0.290984	0.321009	0.337371	0.341258	0.346691	0.362936	0.396131	0.445453	0.508765	0.607754	0.646729	0.700619	
0.092727	0.089330	0.086469	0.084467	0.083265	0.083333	0.085196	0.087791	0.091301	0.094581	0.099223	0.103936	0.107076	0.110335	0.112641	0.113641	0.113839	0.113770	0.116026	0.124308	0.132745	0.134798	0.134866	0.136316	0.146692	0.169662	0.206067	0.255085	0.340592	0.388694	0.460560	
0.254337	0.276591	0.287183	0.297234	0.309381	0.322552	0.339384	0.355283	0.361863	0.356990	0.340984	0.318069	0.293432	0.267584	0.242791	0.218030	0.192918	0.168951	0.148060	0.129885	0.111067	0.100421	0.096948	0.095210	0.095367	0.093837	0.077457	0.060655	0.059967	0.090303	0.163427	
0.143010	0.142060	0.142090	0.141910	0.140052	0.131795	0.113850	0.095704	0.077456	0.064421	0.056332	0.049403	0.046379	0.046576	0.048145	0.051112	0.055713	0.076027	0.128845	0.227416	0.372532	0.542068	0.672979	0.755383	0.801726	0.826108	0.842025	0.843148	0.845746	0.840010	0.837885	
0.055274	0.046808	0.043033	0.042234	0.042677	0.044820	0.048403	0.051428	0.054409	0.056424	0.059104	0.061758	0.065502	0.081462	0.123979	0.207193	0.324040	0.457650	0.586475	0.687446	0.749129	0.780545	0.796791	0.810145	0.822901	0.833591	0.841383	0.841448	0.842234	0.836360	0.831640	
0.208974	0.182559	0.168903	0.166749	0.173439	0.192559	0.231586	0.286977	0.381682	0.494041	0.585335	0.633881	0.639843	0.635502	0.630694	0.627678	0.621400	0.617488	0.617585	0.626433	0.634095	0.637067	0.637991	0.641749	0.658808	0.687817	0.725074	0.760361	0.799253	0.807459	0.819897	
0.215864	0.212029	0.209423	0.209158	0.210267	0.216523	0.229276	0.242015	0.256802	0.272485	0.289745	0.304238	0.310404	0.310569	0.304564	0.294112	0.281463	0.268416	0.255649	0.247718	0.241946	0.236001	0.229962	0.232762	0.243534	0.271712	0.315588	0.372164	0.470021	0.518192	0.588479	
0.337112	0.340619	0.342097	0.344502	0.347851	0.355999	0.368918	0.380355	0.380584	0.374245	0.357630	0.336703	0.315643	0.296379	0.281954	0.270717	0.258329	0.245406	0.236007	0.232809	0.230848	0.227439	0.223003	0.223913	0.236004	0.263578	0.305964	0.361161	0.458353	0.508225	0.581738	
0.348721	0.327734	0.317718	0.317985	0.328018	0.351766	0.398944	0.463234	0.559506	0.651118	0.706730	0.728905	0.727507	0.718277	0.705446	0.693929	0.680756	0.668031	0.654858	0.648734	0.648222	0.651305	0.654907	0.659859	0.670713	0.693624	0.726892	0.763010	0.810723	0.821880	0.838113	
0.102244	0.107582	0.110249	0.111032	0.110939	0.110678	0.109790	0.107893	0.103837	0.098623	0.093273	0.087067	0.081171	0.074783	0.069354	0.065004	0.061255	0.056754	0.052784	0.049780	0.048192	0.046492	0.045514	0.045962	0.049232	0.058621	0.075856	0.101480	0.158509	0.196068	0.253711	
0.372564	0.368808	0.369578	0.372560	0.376866	0.388478	0.412101	0.439899	0.476038	0.516849	0.565078	0.621516	0.671364	0.711366	0.737366	0.753210	0.760417	0.764516	0.766636	0.770331	0.772897	0.775975	0.780159	0.787267	0.799897	0.813104	0.825850	0.833530	0.838940	0.838512	0.840460	
0.050950	0.053940	0.055493	0.055853	0.055601	0.055184	0.054155	0.052528	0.049447	0.046559	0.043151	0.039748	0.037319	0.034771	0.033078	0.031516	0.030332	0.029037	0.027923	0.027069	0.026602	0.026108	0.025991	0.026380	0.027781	0.031825	0.039346	0.052302	0.090407	0.119848	0.167662	
0.221027	0.221938	0.222108	0.222904	0.223958	0.226694	0.232640	0.236823	0.239517	0.240726	0.241568	0.240608	0.239335	0.236781	0.234708	0.234619	0.238072	0.243795	0.246066	0.247211	0.246577	0.242156	0.237753	0.238796	0.251880	0.280654	0.325182	0.383521	0.483108	0.532682	0.603434	
0.299528	0.347423	0.385415	0.427652	0.471218	0.505085	0.534110	0.558407	0.564343	0.550589	0.519472	0.477407	0.433486	0.388566	0.344548	0.301392	0.262136	0.228907	0.199969	0.172712	0.142925	0.128809	0.125389	0.121875	0.117604	0.109020	0.082654	0.060813	0.058796	0.087684	0.157192	
0.149112	0.143300	0.138653	0.135471	0.133774	0.134313	0.138656	0.144014	0.152002	0.161273	0.172721	0.185766	0.197934	0.207310	0.213808	0.215275	0.215326	0.210371	0.209387	0.211668	0.214749	0.214580	0.211684	0.213053	0.225544	0.254104	0.297921	0.355547	0.456289	0.507005	0.580853	
0.070005	0.065019	0.062670	0.060799	0.057904	0.052540	0.046344	0.041121	0.036498	0.034645	0.034169	0.034983	0.036268	0.043188	0.065838	0.118184	0.197181	0.270861	0.320387	0.354688	0.378443	0.388540	0.390388	0.394095	0.412031	0.447546	0.499117	0.563124	0.655398	0.686688	0.729892	
0.326079	0.344209	0.356176	0.358745	0.356295	0.348076	0.338118	0.328609	0.313167	0.295812	0.280878	0.265271	0.251086	0.238740	0.233385	0.229505	0.226312	0.225850	0.230127	0.245173	0.259531	0.265074	0.265185	0.267677	0.281834	0.312547	0.359133	0.419533	0.522626	0.570301	0.638474	
0.055547	0.053910	0.052547	0.051609	0.050529	0.050031	0.050695	0.051563	0.052636	0.053392	0.054358	0.055093	0.055256	0.055592	0.056325	0.057077	0.057699	0.058569	0.062950	0.072490	0.083215	0.088570	0.089813	0.092032	0.100439	0.119362	0.150408	0.192591	0.270744	0.315539	0.384037	
0.265319	0.240913	0.228500	0.227587	0.236163	0.258504	0.302959	0.364915	0.465121	0.569298	0.633733	0.649930	0.636679	0.609979	0.579767	0.552658	0.528109	0.504447	0.479886	0.463784	0.456646	0.457480	0.458600	0.460207	0.465155	0.485917	0.519373	0.562590	0.640337	0.689792	0.762794	
0.087382	0.073777	0.067294	0.066828	0.069224	0.078219	0.098228	0.127155	0.177757	0.240457	0.311186	0.392722	0.479489	0.566569	0.641656	0.700019	0.739269	0.764759	0.781477	0.794943	0.802782	0.810137	0.817333	0.826832	0.838886	0.848685	0.856382	0.856958	0.858148	0.853191	0.849140	
0.106528	0.101144	0.097475	0.094642	0.093303	0.093678	0.096430	0.100240	0.105841	0.112135	0.120847	0.130943	0.140990	0.150202	0.159868	0.168049	0.173534	0.180277	0.196732	0.224774	0.255213	0.273108	0.278406	0.284473	0.300119	0.331930	0.380021	0.442209	0.544057	0.588996	0.650256	
0.512301	0.529169	0.552600	0.569708	0.579408	0.584912	0.589706	0.594153	0.595310	0.594897	0.596002	0.598888	0.601684	0.606678	0.617849	0.639569	0.664277	0.692215	0.724368	0.760648	0.789730	0.808630	0.820322	0.831120	0.842720	0.853023	0.860463	0.862513	0.864826	0.862563	0.863091	
0.193768	0.220321	0.232849	0.247050	0.266898	0.289308	0.321829	0.360823	0.402031	0.424625	0.420653	0.396011	0.360574	0.320869	0.279328	0.234832	0.191959	0.156296	0.128213	0.103850	0.079366	0.067120	0.063292	0.060736	0.059023	0.053978	0.040186	0.031939	0.031422	0.044839	0.086039	
0.192384	0.201951	0.205054	0.204855	0.200084	0.192190	0.184169	0.176508	0.165221	0.152150	0.141219	0.130576	0.121298	0.114631	0.113761	0.113902	0.115757	0.119854	0.137349	0.170655	0.211368	0.240424	0.251896	0.260261	0.278256	0.311217	0.359845	0.422864	0.527240	0.574239	0.640681	
0.109074	0.103128	0.099989	0.099354	0.100435	0.104624	0.114034	0.123980	0.137993	0.154152	0.174425	0.198488	0.223405	0.246115	0.264985	0.285238	0.316319	0.368715	0.438775	0.512881	0.572432	0.607338	0.621428	0.633332	0.653874	0.685639	0.725134	0.762525	0.802438	0.811039	0.821121	
0.256166	0.279785	0.301862	0.321936	0.335461	0.328538	0.293185	0.253779	0.208849	0.175334	0.151655	0.127037	0.111235	0.106696	0.104007	0.098830	0.100848	0.113624	0.148915	0.187963	0.217445	0.234504	0.240507	0.243583	0.248675	0.264347	0.297367	0.347807	0.456766	0.526692	0.632190	
0.193768	0.191615	0.190326	0.190914	0.192310	0.195900	0.201125	0.204649	0.206334	0.206803	0.207101	0.207178	0.208779	0.213362	0.218772	0.230791	0.259201	0.314999	0.396672	0.490805	0.575089	0.628886	0.654427	0.671141	0.692380	0.720539	0.753788	0.782039	0.812796	0.817208	0.824342	
0.110650	0.091513	0.082395	0.080896	0.085316	0.097747	0.124252	0.163161	0.228543	0.296630	0.339049	0.349416	0.345620	0.339915	0.335778	0.337036	0.346011	0.362368	0.375679	0.384176	0.386414	0.385086	0.379872	0.382999	0.395977	0.430815	0.483653	0.550184	0.648394	0.683068	0.731482	
0.046838	0.037722	0.034305	0.034156	0.035613	0.040897	0.053121	0.075978	0.126913	0.201933	0.284344	0.352242	0.387869	0.406695	0.422014	0.437693	0.450027	0.470062	0.514641	0.592148	0.682043	0.753399	0.793772	0.818091	0.835514	0.848143	0.856837	0.857383	0.858218	0.852873	0.847729	
0.383839	0.397137	0.407015	0.410491	0.409398	0.405062	0.401206	0.398527	0.390758	0.380760	0.371898	0.361655	0.350646	0.340928	0.335952	0.332995	0.329920	0.329527	0.333984	0.350115	0.365059	0.370574	0.370552	0.373395	0.389509	0.423963	0.475610	0.540418	0.638581	0.674092	0.723438	
0.074925	0.082288	0.086724	0.089033	0.088823	0.083595	0.073403	0.062806	0.052733	0.044846	0.039656	0.036247	0.034763	0.034442	0.035223	0.037316	0.042383	0.057977	0.090970	0.145487	0.216018	0.279665	0.317913	0.341354	0.366072	0.400676	0.447578	0.504258	0.592495	0.626962	0.675283	
0.053931	0.044427	0.040265	0.040136	0.041822	0.047784	0.063368	0.090251	0.149680	0.240120	0.356359	0.485277	0.587482	0.657347	0.697836	0.716783	0.718828	0.716681	0.708633	0.690664	0.647909	0.621821	0.628631	0.632409	0.626151	0.594956	0.511468	0.413365	0.391868	0.430022	0.544948	
0.093919	0.264332	0.694257	1.126310	1.289140	1.235330	1.091690	1.019280	1.004150	0.953070	0.924065	0.894754	0.868922	0.849608	0.835819	0.825619	0.818300	0.814486	0.811878	0.812544	0.813977	0.816536	0.821821	0.830433	0.840960	0.849918	0.855858	0.855386	0.854170	0.849273	0.842280	
0.347377	0.354753	0.359465	0.361926	0.362688	0.365056	0.372369	0.380104	0.384977	0.386929	0.388439	0.386964	0.379775	0.369424	0.360783	0.353770	0.344878	0.335457	0.331292	0.333528	0.335966	0.335316	0.331957	0.333604	0.348308	0.380949	0.430355	0.493582	0.596920	0.639171	0.697656	
0.111569	0.111242	0.110740	0.110662	0.111328	0.113468	0.117320	0.119830	0.121469	0.122086	0.122156	0.121008	0.119590	0.117198	0.115084	0.113534	0.114226	0.115419	0.115511	0.114830	0.113754	0.110627	0.107826	0.108415	0.117053	0.137029	0.169409	0.213231	0.293435	0.339491	0.410933	
0.067277	0.067697	0.067697	0.067667	0.067990	0.068997	0.070396	0.071115	0.070731	0.069820	0.068318	0.066310	0.064614	0.062282	0.060420	0.059087	0.058959	0.058976	0.058557	0.057844	0.057121	0.055534	0.054413	0.054899	0.058895	0.070905	0.092002	0.122881	0.188006	0.228807	0.291595	
