0.138100	0.133400	0.127950	0.128100	0.136550	0.153850	0.184800	0.236150	0.309700	0.396600	0.469600	0.499950	0.487750	0.449150	0.395000	0.331400	0.270350	0.221550	0.184000	0.148900	0.113300	0.093250	0.087300	0.083150	0.080850	0.073050	0.054200	0.040350	0.038450	0.051000	0.093950	
0.529800	0.536750	0.553350	0.562900	0.572350	0.579900	0.588050	0.594300	0.593400	0.584250	0.575000	0.570300	0.571800	0.578800	0.595350	0.627350	0.673650	0.718800	0.748550	0.760550	0.765100	0.766050	0.769800	0.776450	0.788750	0.805500	0.822000	0.836800	0.846750	0.852550	0.857800	
0.153750	0.143000	0.134600	0.131500	0.135600	0.146750	0.164750	0.188750	0.209250	0.215500	0.207400	0.191550	0.174550	0.159350	0.148100	0.139300	0.130050	0.120800	0.114450	0.112400	0.111600	0.109550	0.106400	0.105900	0.113550	0.132650	0.165800	0.214850	0.277250	0.349050	0.423900	
0.429000	0.414450	0.407800	0.408250	0.421800	0.448500	0.495850	0.566500	0.651500	0.725800	0.771000	0.787100	0.788750	0.784950	0.776650	0.762000	0.742700	0.723950	0.704600	0.677100	0.634150	0.608700	0.609550	0.607150	0.603400	0.578100	0.507100	0.442850	0.432050	0.487000	0.610750	
0.042700	0.045600	0.050750	0.054050	0.055050	0.053350	0.049450	0.043300	0.037050	0.032350	0.029450	0.027400	0.026550	0.026350	0.027100	0.028850	0.031250	0.035350	0.043900	0.062950	0.094850	0.133700	0.167350	0.188300	0.201850	0.219400	0.248800	0.297300	0.368300	0.458050	0.558500	
0.334750	0.350150	0.363500	0.370950	0.371100	0.362300	0.346250	0.323700	0.299550	0.277600	0.257500	0.241950	0.233950	0.232100	0.233350	0.242200	0.266450	0.309300	0.363750	0.415100	0.450500	0.465550	0.469050	0.473350	0.490400	0.525750	0.575900	0.636650	0.695700	0.744250	0.781000	
0.361000	0.362600	0.363150	0.366450	0.376200	0.393700	0.420100	0.450400	0.473150	0.477850	0.466000	0.444150	0.419400	0.393050	0.368150	0.345150	0.321350	0.297200	0.274800	0.256200	0.239450	0.228450	0.223600	0.221300	0.227550	0.237100	0.231100	0.219300	0.227300	0.278600	0.390800	
0.445450	0.454150	0.466300	0.472400	0.477400	0.484850	0.496700	0.510750	0.523950	0.536200	0.547000	0.553900	0.554050	0.550400	0.547600	0.544500	0.538900	0.536200	0.541900	0.555400	0.568800	0.574400	0.575800	0.579100	0.595750	0.628850	0.673450	0.723200	0.765750	0.797300	0.820300	
0.096450	0.094700	0.093000	0.091700	0.091950	0.095150	0.101050	0.107750	0.114550	0.122250	0.129550	0.134450	0.135150	0.130050	0.121750	0.112800	0.102400	0.091150	0.081150	0.074850	0.070900	0.067850	0.065300	0.064950	0.070350	0.084350	0.109750	0.148950	0.201450	0.264300	0.331900	
0.073100	0.060300	0.053950	0.052250	0.056300	0.066800	0.088950	0.132250	0.209750	0.326300	0.468250	0.591550	0.655350	0.667300	0.647650	0.602150	0.545200	0.493800	0.449750	0.398150	0.332800	0.293950	0.289150	0.284150	0.275550	0.250900	0.193450	0.141350	0.126200	0.151000	0.232850	
0.073300	0.079550	0.082850	0.082350	0.078850	0.072950	0.066750	0.060100	0.053200	0.046550	0.041050	0.036500	0.033000	0.030950	0.030300	0.030300	0.030250	0.031350	0.035600	0.045050	0.057600	0.067500	0.072000	0.074850	0.082050	0.098200	0.126150	0.168350	0.223900	0.289250	0.359500	
0.056650	0.047400	0.042450	0.041150	0.043450	0.050200	0.063950	0.088900	0.124750	0.158100	0.171850	0.167100	0.154750	0.143550	0.136700	0.133000	0.129000	0.126500	0.129900	0.140000	0.150600	0.155400	0.154650	0.154250	0.163100	0.185600	0.223000	0.277350	0.345250	0.421150	0.498500	
0.507550	0.524550	0.547750	0.560600	0.569150	0.578350	0.593150	0.612200	0.631450	0.651900	0.674250	0.692350	0.704650	0.712500	0.717500	0.718950	0.718750	0.721200	0.728950	0.743000	0.753850	0.760550	0.767800	0.775700	0.788000	0.804650	0.819400	0.832400	0.840700	0.845200	0.850350	
0.351100	0.347500	0.348450	0.346950	0.340250	0.324350	0.300600	0.273150	0.247650	0.227000	0.212650	0.206800	0.207050	0.212950	0.227750	0.260300	0.321750	0.419600	0.544500	0.662650	0.740850	0.780350	0.803400	0.817150	0.829450	0.839950	0.845550	0.848850	0.849400	0.849600	0.850550	
0.104700	0.109300	0.109250	0.108650	0.109300	0.110950	0.114800	0.120650	0.127250	0.135350	0.145100	0.154950	0.163000	0.165150	0.158850	0.145000	0.125750	0.106050	0.089200	0.074850	0.060700	0.052500	0.049700	0.048200	0.048350	0.047300	0.039650	0.032750	0.032550	0.043100	0.076800	
0.074850	0.073950	0.076000	0.077400	0.076000	0.071450	0.063300	0.053400	0.044950	0.039000	0.035400	0.033800	0.033850	0.034900	0.037950	0.045250	0.061700	0.096200	0.158000	0.248450	0.359750	0.480100	0.594500	0.683850	0.746250	0.787850	0.811550	0.825300	0.833850	0.838400	0.841300	
0.341250	0.339600	0.340000	0.340450	0.343350	0.352850	0.369850	0.390900	0.414000	0.440400	0.471400	0.500700	0.523800	0.538350	0.547400	0.552100	0.552400	0.554300	0.564350	0.583550	0.600900	0.609600	0.613700	0.618850	0.635250	0.664200	0.700750	0.738700	0.770200	0.793050	0.808800	
0.336900	0.378500	0.432500	0.489650	0.533500	0.538900	0.509650	0.463150	0.412800	0.369500	0.330850	0.293450	0.263700	0.243000	0.224700	0.206650	0.193450	0.187350	0.183350	0.179750	0.178800	0.180200	0.181900	0.181100	0.183700	0.197250	0.226950	0.278050	0.351000	0.443650	0.549200	
0.149250	0.141600	0.135450	0.133700	0.135700	0.143250	0.157550	0.176250	0.200150	0.232850	0.278150	0.339350	0.415600	0.496650	0.569100	0.622200	0.654800	0.670800	0.675700	0.676850	0.676800	0.675450	0.676450	0.680600	0.694900	0.721150	0.752250	0.783800	0.809100	0.826800	0.838900	
0.026550	0.026600	0.026350	0.026200	0.026200	0.026600	0.027450	0.027800	0.028000	0.028650	0.028850	0.028750	0.029250	0.029400	0.029400	0.030000	0.031600	0.034750	0.038350	0.041600	0.043200	0.042950	0.041950	0.041850	0.045300	0.054150	0.070800	0.098550	0.138450	0.188700	0.244400	
0.397200	0.395900	0.396800	0.394750	0.393600	0.395000	0.403100	0.415850	0.431650	0.452050	0.476950	0.506850	0.538800	0.568150	0.592700	0.608400	0.617250	0.625600	0.640400	0.661650	0.682800	0.697600	0.709550	0.716800	0.726450	0.743550	0.767800	0.795150	0.818550	0.836200	0.846850	
0.186400	0.180000	0.173500	0.173750	0.184550	0.205400	0.241750	0.299200	0.374600	0.449300	0.493150	0.495250	0.471900	0.436650	0.395050	0.347650	0.299650	0.258150	0.223150	0.188600	0.151050	0.130600	0.124750	0.119650	0.117650	0.107600	0.080750	0.059750	0.057050	0.078900	0.144250	
0.476400	0.487650	0.503000	0.508600	0.508900	0.509400	0.514850	0.524600	0.536600	0.550650	0.567800	0.585600	0.602950	0.618150	0.633350	0.645000	0.652200	0.663500	0.687950	0.723250	0.753300	0.772150	0.785850	0.797250	0.809750	0.824300	0.835050	0.844850	0.850150	0.852550	0.855450	
0.554300	0.587050	0.628650	0.652400	0.666250	0.673850	0.682750	0.691550	0.693850	0.686950	0.673550	0.655100	0.634950	0.615600	0.599700	0.585100	0.569300	0.553100	0.539650	0.532800	0.529100	0.524700	0.520850	0.521750	0.537300	0.571900	0.620350	0.675850	0.727000	0.766550	0.795600	
0.032100	0.034100	0.034750	0.035100	0.035350	0.034500	0.032500	0.029700	0.026800	0.024600	0.023200	0.022150	0.021650	0.021550	0.021750	0.022350	0.023950	0.027850	0.034700	0.043350	0.050500	0.053900	0.054350	0.054950	0.059600	0.071050	0.092100	0.126000	0.172150	0.228300	0.289850	
0.023100	0.022500	0.022100	0.022050	0.022250	0.022650	0.023150	0.023900	0.025250	0.027450	0.030500	0.035000	0.042450	0.053000	0.065400	0.077950	0.090550	0.103200	0.114100	0.121800	0.126000	0.126450	0.124450	0.124000	0.131600	0.151550	0.185400	0.234100	0.295850	0.365800	0.437450	
0.412400	0.470950	0.529700	0.582400	0.627850	0.653050	0.667650	0.681400	0.688350	0.684900	0.669700	0.642200	0.604550	0.560400	0.509150	0.450850	0.392150	0.341750	0.299850	0.259050	0.216750	0.191600	0.182200	0.176200	0.173300	0.163250	0.134600	0.111000	0.113800	0.153050	0.235850	
0.078050	0.071250	0.067000	0.064450	0.062450	0.060700	0.058450	0.055000	0.051800	0.049300	0.048000	0.048900	0.052200	0.056600	0.064450	0.082000	0.116850	0.169250	0.220750	0.252750	0.265150	0.265400	0.261700	0.261250	0.273400	0.301550	0.346600	0.409850	0.483850	0.559650	0.628850	
0.122600	0.113600	0.108100	0.105300	0.103650	0.103100	0.101400	0.097850	0.093650	0.090150	0.088750	0.090700	0.095800	0.102950	0.117350	0.147350	0.206000	0.302450	0.425300	0.536900	0.601800	0.627200	0.636700	0.643750	0.659400	0.688300	0.722850	0.759150	0.789150	0.810750	0.825950	
0.265400	0.261350	0.259200	0.258750	0.260150	0.266100	0.277000	0.288050	0.298250	0.308950	0.319600	0.329650	0.339900	0.349650	0.357600	0.370350	0.396400	0.439400	0.488850	0.529650	0.553800	0.561950	0.564200	0.567600	0.583500	0.617150	0.661650	0.711950	0.756500	0.789400	0.813150	
0.056150	0.058100	0.058100	0.057200	0.057250	0.057950	0.060050	0.062750	0.065350	0.070200	0.076300	0.080350	0.079850	0.075500	0.068700	0.060450	0.052050	0.045200	0.040000	0.036450	0.032850	0.030850	0.031200	0.032100	0.034400	0.036000	0.033100	0.029250	0.029750	0.039300	0.070050	
0.216200	0.240850	0.260200	0.270150	0.267200	0.249500	0.222550	0.192900	0.163000	0.137400	0.117250	0.100250	0.088050	0.081800	0.079700	0.078900	0.079800	0.088500	0.111850	0.154650	0.208750	0.257450	0.289050	0.303300	0.312450	0.331200	0.367350	0.427200	0.507850	0.600200	0.688900	
0.138500	0.136700	0.133950	0.131050	0.128350	0.127300	0.128200	0.130050	0.131600	0.132750	0.134300	0.134950	0.134600	0.133150	0.131900	0.130200	0.126150	0.121650	0.120150	0.123200	0.126650	0.126950	0.124850	0.124750	0.133300	0.153850	0.188500	0.238650	0.301150	0.372900	0.447450	
0.217900	0.214200	0.211050	0.210150	0.211300	0.216500	0.223900	0.230950	0.236950	0.243250	0.248450	0.252650	0.259850	0.267550	0.274450	0.287500	0.318050	0.372450	0.447050	0.521850	0.576250	0.603000	0.615050	0.622700	0.639650	0.670900	0.709300	0.749500	0.783800	0.808750	0.826150	
0.357650	0.337500	0.326900	0.325550	0.336650	0.360550	0.402450	0.462250	0.530050	0.581350	0.599400	0.589400	0.571500	0.558450	0.547300	0.532950	0.521100	0.518950	0.521750	0.523950	0.522450	0.517700	0.513750	0.514550	0.530100	0.564150	0.611700	0.668250	0.720150	0.761900	0.793000	
0.113950	0.117800	0.120000	0.121550	0.121100	0.119050	0.114150	0.106000	0.096250	0.087650	0.079500	0.073050	0.069850	0.069400	0.069900	0.073700	0.085650	0.110200	0.145550	0.182700	0.209600	0.221450	0.223700	0.225350	0.237350	0.264750	0.308100	0.368850	0.442000	0.519850	0.593100	
0.142600	0.174150	0.196750	0.220100	0.250550	0.279250	0.314200	0.361550	0.402600	0.421300	0.407800	0.369800	0.321500	0.272000	0.223350	0.175650	0.133200	0.101400	0.079000	0.061450	0.046150	0.038500	0.036300	0.034850	0.034500	0.032700	0.027250	0.023900	0.024100	0.029350	0.046850	
0.077900	0.079500	0.079700	0.080100	0.080400	0.080500	0.079600	0.076700	0.072350	0.068100	0.063500	0.059300	0.057150	0.056450	0.056550	0.058650	0.065200	0.077650	0.093400	0.107000	0.114350	0.115700	0.114300	0.114550	0.122550	0.142150	0.175150	0.222900	0.282950	0.351300	0.423300	
0.150450	0.144300	0.139550	0.137750	0.139150	0.145900	0.158400	0.173650	0.192250	0.214950	0.243050	0.274050	0.302000	0.322350	0.337700	0.348650	0.354050	0.360600	0.377000	0.406250	0.436400	0.453150	0.459400	0.464050	0.480200	0.514950	0.564850	0.625500	0.685400	0.735400	0.773000	
0.145150	0.164100	0.180000	0.189450	0.186950	0.169850	0.143050	0.115150	0.092200	0.075450	0.063300	0.054850	0.051150	0.050100	0.050750	0.054350	0.066100	0.095250	0.153500	0.249350	0.380350	0.525550	0.651750	0.734150	0.781950	0.810700	0.826200	0.836450	0.842050	0.844150	0.846250	
0.058750	0.048100	0.042900	0.041750	0.044550	0.052200	0.068450	0.102400	0.167550	0.272250	0.409850	0.547850	0.645450	0.698150	0.721500	0.723650	0.712300	0.696550	0.679700	0.649250	0.595200	0.557250	0.560000	0.562150	0.552850	0.520050	0.436600	0.352550	0.322750	0.353850	0.460650	
0.280650	0.262750	0.251300	0.248850	0.256700	0.275950	0.309350	0.356200	0.406200	0.438650	0.444000	0.430000	0.409350	0.388050	0.370050	0.354800	0.338700	0.322050	0.306900	0.298750	0.294100	0.289000	0.283800	0.283100	0.294400	0.323350	0.370850	0.435850	0.511600	0.587850	0.655600	
0.131900	0.111050	0.099850	0.097550	0.103500	0.120100	0.152100	0.208450	0.300100	0.430350	0.573650	0.674200	0.716200	0.724700	0.722800	0.716700	0.708800	0.701450	0.696650	0.696150	0.696900	0.695800	0.697250	0.701000	0.713850	0.737150	0.764250	0.790750	0.812200	0.827300	0.837050	
0.292450	0.323300	0.344000	0.357600	0.368150	0.372650	0.373600	0.369900	0.357300	0.338200	0.315350	0.291350	0.267050	0.242700	0.220100	0.199000	0.178000	0.156950	0.138550	0.123200	0.108850	0.099650	0.096050	0.094250	0.097350	0.100350	0.091450	0.080800	0.084250	0.115800	0.192000	
0.078450	0.073800	0.068600	0.068100	0.072700	0.082750	0.100850	0.130550	0.168400	0.200650	0.212500	0.204850	0.187200	0.166250	0.144650	0.124000	0.104200	0.086050	0.071250	0.059850	0.050050	0.043450	0.040750	0.039900	0.040950	0.041500	0.036400	0.031400	0.031500	0.040750	0.069400	
0.351050	0.341000	0.335050	0.333650	0.339000	0.353200	0.378850	0.412450	0.450650	0.492150	0.535700	0.578000	0.612700	0.635350	0.644250	0.643500	0.634800	0.621750	0.607400	0.597000	0.590700	0.584450	0.581000	0.582350	0.597000	0.629000	0.670700	0.716850	0.757200	0.787150	0.808350	
0.335850	0.355100	0.375000	0.390350	0.401100	0.388800	0.350600	0.301750	0.254750	0.220250	0.193200	0.166350	0.149050	0.145500	0.145200	0.140300	0.142350	0.172050	0.244800	0.357850	0.478100	0.564450	0.611150	0.630850	0.644000	0.664650	0.695100	0.735050	0.773100	0.802950	0.823100	
0.201000	0.177850	0.164750	0.162250	0.170100	0.190300	0.226650	0.283850	0.361100	0.437350	0.480800	0.486650	0.474100	0.459650	0.451600	0.447450	0.442300	0.441300	0.451650	0.473550	0.495200	0.505850	0.508350	0.511350	0.526550	0.561150	0.610400	0.667950	0.720900	0.763000	0.794450	
0.214850	0.214700	0.213550	0.213600	0.214600	0.216450	0.218150	0.216500	0.212600	0.207950	0.202650	0.197650	0.196750	0.199650	0.204800	0.216850	0.244550	0.297450	0.377750	0.479700	0.580100	0.651500	0.693400	0.716050	0.736350	0.760800	0.783350	0.804750	0.820800	0.832200	0.841250	
0.128200	0.127250	0.125750	0.125200	0.125900	0.129100	0.134050	0.138100	0.139800	0.141150	0.141750	0.141000	0.140250	0.138800	0.136500	0.135900	0.138400	0.142600	0.144650	0.144800	0.143950	0.140650	0.136900	0.136500	0.145400	0.167450	0.203450	0.255450	0.319550	0.392050	0.466250	
0.477600	0.493000	0.509950	0.516400	0.517400	0.516650	0.519100	0.524150	0.528950	0.533000	0.538650	0.542100	0.543500	0.543150	0.542300	0.540100	0.534850	0.529400	0.530000	0.538000	0.546300	0.548200	0.548150	0.551050	0.567200	0.600400	0.645500	0.696600	0.741800	0.776600	0.801950	
0.081900	0.067950	0.060450	0.059250	0.063850	0.074950	0.098100	0.141700	0.215100	0.315250	0.412000	0.462600	0.462450	0.437250	0.404400	0.373100	0.345250	0.320750	0.296950	0.276050	0.259900	0.252250	0.253250	0.252650	0.252050	0.252300	0.241100	0.223900	0.224700	0.263050	0.359650	
0.212900	0.211200	0.208400	0.204650	0.202100	0.201150	0.203550	0.206850	0.210100	0.213450	0.217000	0.219650	0.221050	0.220900	0.220700	0.219850	0.215900	0.211200	0.211400	0.217600	0.224450	0.226350	0.224550	0.224200	0.235700	0.263700	0.309000	0.371400	0.446550	0.525650	0.600850	
0.236050	0.245850	0.250000	0.251100	0.250400	0.248800	0.245900	0.240200	0.227450	0.209250	0.188950	0.170500	0.153600	0.140300	0.131650	0.125800	0.119850	0.114450	0.112850	0.116050	0.119600	0.119750	0.117900	0.118150	0.126350	0.146750	0.180950	0.230700	0.293250	0.364800	0.439350	
0.033950	0.034050	0.034000	0.034150	0.034300	0.034950	0.035300	0.034750	0.033900	0.033100	0.031950	0.030950	0.030450	0.030650	0.031200	0.032450	0.036750	0.046050	0.060750	0.077100	0.089450	0.094550	0.095200	0.095900	0.102700	0.120400	0.150650	0.194650	0.251150	0.316600	0.385400	
0.341900	0.353600	0.361750	0.364000	0.363000	0.361900	0.361500	0.358150	0.351050	0.340450	0.329000	0.316100	0.302300	0.290250	0.283900	0.280800	0.276100	0.274300	0.281850	0.298900	0.315550	0.323300	0.324650	0.326050	0.339700	0.371600	0.422650	0.489700	0.564200	0.635300	0.695750	
0.119800	0.122400	0.123000	0.123200	0.123150	0.123300	0.122900	0.118950	0.113700	0.107650	0.101250	0.095400	0.092200	0.090350	0.089050	0.090650	0.097500	0.109350	0.121550	0.130600	0.134550	0.133550	0.131000	0.130800	0.139450	0.161450	0.197850	0.249850	0.315500	0.389850	0.465950	
0.219800	0.204550	0.194350	0.189850	0.191400	0.199450	0.215000	0.237000	0.263750	0.294100	0.330500	0.375850	0.434700	0.504900	0.577000	0.637650	0.680300	0.707150	0.722750	0.731750	0.737000	0.739650	0.744400	0.751700	0.764400	0.784100	0.803600	0.820900	0.833350	0.841700	0.847900	
0.064200	0.060250	0.057400	0.056400	0.057200	0.060550	0.067000	0.075600	0.086800	0.101550	0.121500	0.146150	0.171250	0.192250	0.209100	0.221700	0.228850	0.236000	0.253550	0.284650	0.317350	0.337500	0.345650	0.350250	0.365950	0.399800	0.450200	0.516650	0.589000	0.656700	0.712000	
0.080100	0.065850	0.058550	0.056900	0.060900	0.071950	0.094600	0.137850	0.211500	0.313750	0.416150	0.477500	0.491600	0.480000	0.459850	0.438200	0.415450	0.390450	0.366700	0.347950	0.331650	0.319250	0.314500	0.313200	0.321100	0.336750	0.339950	0.329150	0.333000	0.377150	0.481900	
0.101400	0.098250	0.095650	0.094450	0.094500	0.095450	0.097900	0.100150	0.101450	0.103700	0.105950	0.105950	0.106850	0.110850	0.113750	0.111600	0.111700	0.123850	0.147150	0.169750	0.184650	0.193700	0.198950	0.199200	0.202150	0.214900	0.243600	0.292700	0.364400	0.456450	0.561150	
0.487750	0.494400	0.504900	0.512650	0.523600	0.539050	0.562600	0.589050	0.605650	0.604950	0.591400	0.570350	0.547900	0.528500	0.516250	0.507400	0.497050	0.488900	0.487150	0.493850	0.500950	0.502750	0.501250	0.502750	0.518300	0.552450	0.601600	0.659600	0.713450	0.757900	0.791550	
0.082050	0.082750	0.082750	0.083350	0.083750	0.084200	0.083550	0.080900	0.076800	0.072500	0.068100	0.063900	0.062250	0.062350	0.063000	0.066200	0.076100	0.095350	0.121000	0.146350	0.162850	0.169250	0.169650	0.171000	0.181300	0.205850	0.245650	0.301800	0.369750	0.444850	0.519800	
0.308600	0.352300	0.410550	0.474900	0.522700	0.530150	0.506250	0.468550	0.425950	0.382650	0.342100	0.305150	0.273000	0.243550	0.218600	0.198400	0.182350	0.168250	0.155400	0.147150	0.144000	0.145950	0.148200	0.147750	0.149850	0.161650	0.187900	0.233500	0.299750	0.386400	0.489950	
0.049900	0.049750	0.048700	0.047600	0.046250	0.044900	0.044200	0.043600	0.042500	0.041150	0.039800	0.038450	0.037200	0.036450	0.036900	0.038100	0.039300	0.042200	0.051950	0.074850	0.112800	0.154200	0.183550	0.200650	0.219000	0.249150	0.293900	0.354250	0.427000	0.504850	0.579200	
0.317600	0.339550	0.361250	0.379500	0.392850	0.382500	0.346050	0.298200	0.251500	0.216950	0.189450	0.162400	0.144700	0.139850	0.138400	0.132300	0.132800	0.155350	0.205700	0.269650	0.320450	0.350650	0.364900	0.368000	0.372750	0.391700	0.431000	0.494850	0.576300	0.663300	0.739300	
0.104850	0.098850	0.094500	0.093000	0.094000	0.100050	0.111250	0.126100	0.145500	0.172400	0.210950	0.263600	0.329950	0.402800	0.470050	0.522500	0.557000	0.576150	0.587250	0.597450	0.605350	0.607150	0.608000	0.611600	0.627850	0.659000	0.697650	0.739250	0.775450	0.801600	0.819600	
0.274850	0.267550	0.262250	0.260950	0.265850	0.278200	0.298300	0.320750	0.335950	0.336050	0.322650	0.302550	0.281600	0.262250	0.246850	0.234000	0.221000	0.206850	0.195150	0.189450	0.186300	0.182250	0.178100	0.177300	0.187100	0.211200	0.251450	0.308150	0.377550	0.454300	0.530850	
0.072000	0.070650	0.070050	0.068400	0.065050	0.058250	0.048950	0.040200	0.033500	0.029150	0.026600	0.025150	0.025150	0.025750	0.027050	0.031050	0.041350	0.067250	0.119350	0.197850	0.282050	0.344700	0.377800	0.394450	0.414450	0.448700	0.498700	0.562600	0.630500	0.691150	0.739250	
0.046400	0.039850	0.036150	0.035600	0.038050	0.044650	0.058550	0.087300	0.140050	0.215750	0.289150	0.327650	0.326750	0.303150	0.269150	0.229300	0.188500	0.153150	0.125500	0.101500	0.077600	0.063300	0.058750	0.056450	0.055650	0.051800	0.040350	0.031050	0.029350	0.037000	0.064250	
0.139650	0.125850	0.118050	0.115900	0.118600	0.124850	0.132400	0.137150	0.136100	0.129000	0.119550	0.112450	0.110800	0.112800	0.119550	0.136650	0.172950	0.238700	0.339600	0.471900	0.608850	0.712100	0.773600	0.806250	0.826350	0.840700	0.848400	0.853400	0.855350	0.855700	0.856800	
0.403500	0.399300	0.397450	0.394200	0.392700	0.395100	0.404600	0.419350	0.438900	0.464300	0.497700	0.537950	0.585300	0.633700	0.676000	0.704850	0.722250	0.734700	0.746750	0.759100	0.768400	0.776050	0.785000	0.792800	0.802000	0.814000	0.824850	0.835300	0.842150	0.846450	0.850700	
0.035650	0.036250	0.036850	0.037400	0.038000	0.038250	0.039150	0.040350	0.041250	0.042600	0.043700	0.044200	0.044500	0.043400	0.041850	0.040000	0.038250	0.036850	0.035900	0.035900	0.036650	0.038050	0.039500	0.040250	0.041050	0.044250	0.052350	0.069100	0.099450	0.148600	0.217750	
0.075500	0.069500	0.065450	0.063300	0.061550	0.058200	0.053500	0.048000	0.042950	0.040700	0.040250	0.039700	0.041150	0.048100	0.064000	0.086100	0.109100	0.140600	0.189700	0.246800	0.288800	0.307900	0.312950	0.315650	0.328800	0.357600	0.401800	0.462500	0.531450	0.601450	0.663950	
0.101750	0.089450	0.081800	0.080300	0.085850	0.098950	0.124650	0.169500	0.238400	0.329150	0.424150	0.497250	0.533050	0.532200	0.500850	0.444600	0.381400	0.327950	0.284950	0.240150	0.189850	0.161500	0.154950	0.149150	0.144300	0.129050	0.094650	0.066500	0.060900	0.079900	0.141100	
0.580450	0.615350	0.660200	0.686300	0.701750	0.709000	0.717550	0.726700	0.730200	0.724950	0.715100	0.700900	0.685450	0.672700	0.665800	0.660600	0.654450	0.651450	0.656950	0.669900	0.680750	0.686450	0.690650	0.696350	0.709950	0.734600	0.761450	0.788550	0.809200	0.823800	0.835200	
0.205350	0.252300	0.307350	0.377350	0.450800	0.483950	0.474350	0.443900	0.401000	0.354350	0.309650	0.268100	0.231550	0.198400	0.168000	0.142500	0.121750	0.104650	0.089950	0.078250	0.068550	0.063950	0.063550	0.062750	0.062600	0.062150	0.056300	0.049850	0.050300	0.065450	0.105650	
0.076350	0.072450	0.069350	0.068200	0.069000	0.072450	0.079050	0.087400	0.097900	0.111500	0.128650	0.149800	0.174300	0.198050	0.218400	0.240200	0.273000	0.325650	0.397350	0.475700	0.540150	0.576950	0.595500	0.607350	0.626550	0.657650	0.696050	0.736150	0.769400	0.795200	0.814100	
0.055500	0.045600	0.040750	0.039550	0.042350	0.049500	0.064950	0.096350	0.153650	0.238500	0.337750	0.430950	0.507900	0.567700	0.604750	0.611100	0.589750	0.559750	0.526650	0.479050	0.410300	0.367750	0.366150	0.362950	0.352550	0.323550	0.256050	0.192350	0.171250	0.196900	0.285950	
0.087350	0.084000	0.081350	0.080350	0.081100	0.084650	0.090650	0.097200	0.104100	0.112050	0.120150	0.128900	0.138350	0.146900	0.154300	0.164950	0.186550	0.224750	0.276100	0.326550	0.362350	0.379100	0.383500	0.386400	0.401550	0.435600	0.486950	0.553450	0.623700	0.686400	0.736600	
0.048400	0.045550	0.043050	0.042500	0.043750	0.048050	0.056200	0.068250	0.085200	0.108750	0.140850	0.183250	0.232200	0.275850	0.296450	0.283350	0.247300	0.207800	0.174000	0.141400	0.107850	0.088400	0.082250	0.078200	0.076600	0.070000	0.052550	0.038850	0.036300	0.047500	0.085050	
0.398750	0.400150	0.402800	0.405050	0.408000	0.414900	0.426350	0.438200	0.450000	0.461800	0.473800	0.485250	0.497950	0.511400	0.524350	0.542450	0.576400	0.631100	0.693300	0.744700	0.776300	0.792850	0.805300	0.815700	0.825950	0.835750	0.842500	0.847300	0.848150	0.848950	0.850800	
0.253200	0.250050	0.246350	0.242650	0.239950	0.239650	0.243400	0.249450	0.256450	0.264750	0.274250	0.283800	0.291200	0.293350	0.289950	0.282500	0.270750	0.254900	0.239500	0.229400	0.223850	0.218450	0.213400	0.212100	0.222850	0.249350	0.292300	0.352500	0.426050	0.505050	0.580650	
0.618850	0.654350	0.700750	0.727250	0.738200	0.736300	0.727850	0.716650	0.701600	0.684750	0.669450	0.657050	0.651500	0.652250	0.659600	0.675050	0.702150	0.736900	0.769700	0.793250	0.806650	0.813900	0.822450	0.831300	0.840500	0.849950	0.856000	0.859950	0.861100	0.861200	0.862550	
0.367450	0.359050	0.355500	0.354000	0.357700	0.367650	0.386850	0.413250	0.442750	0.474450	0.507700	0.542400	0.578700	0.613950	0.644100	0.666200	0.680750	0.695300	0.718250	0.747050	0.771050	0.786900	0.799300	0.810200	0.820800	0.831700	0.837500	0.840400	0.841450	0.842350	0.843750	
0.107850	0.103650	0.100500	0.099150	0.100150	0.104650	0.111800	0.119750	0.128300	0.138350	0.148950	0.159600	0.171400	0.183050	0.193350	0.207700	0.236050	0.288350	0.366700	0.462100	0.548250	0.603550	0.632750	0.648000	0.666900	0.695250	0.726950	0.759600	0.786450	0.805300	0.818550	
0.310150	0.308350	0.305050	0.301800	0.299350	0.299250	0.303100	0.308950	0.315150	0.321600	0.328450	0.335500	0.340750	0.344200	0.347700	0.350550	0.349200	0.348100	0.355000	0.370550	0.385600	0.391850	0.392500	0.394000	0.408450	0.440900	0.490950	0.553900	0.620050	0.681100	0.732250	
0.204650	0.214000	0.217750	0.216400	0.211700	0.205050	0.198450	0.190600	0.180500	0.169250	0.158350	0.148100	0.138100	0.129350	0.123700	0.119950	0.115300	0.111000	0.111100	0.115600	0.120050	0.121100	0.119550	0.119950	0.128650	0.149600	0.184550	0.234750	0.297850	0.369400	0.443900	
0.598250	0.633700	0.679700	0.706000	0.718800	0.724350	0.731100	0.739850	0.748950	0.756650	0.763550	0.768250	0.768850	0.769000	0.769850	0.770100	0.768900	0.771200	0.780200	0.792200	0.801850	0.808100	0.817000	0.824900	0.835350	0.845700	0.851600	0.856400	0.857400	0.857750	0.859450	
0.038550	0.038800	0.038500	0.038300	0.038700	0.039400	0.040450	0.040950	0.041100	0.041450	0.040900	0.039850	0.039100	0.038300	0.037150	0.036550	0.036950	0.037750	0.038100	0.038200	0.037850	0.036900	0.036050	0.035750	0.038550	0.046550	0.060900	0.086150	0.123750	0.173050	0.229250	
0.516400	0.559000	0.606600	0.635650	0.645150	0.636950	0.620250	0.599450	0.571900	0.539900	0.509300	0.480650	0.455400	0.436800	0.428350	0.424850	0.422650	0.427300	0.447750	0.483950	0.523600	0.553400	0.571300	0.579050	0.587850	0.610350	0.648100	0.698700	0.749200	0.791750	0.822050	
0.168650	0.161450	0.155150	0.152300	0.153000	0.157900	0.167100	0.178500	0.189600	0.198550	0.203250	0.204900	0.203650	0.197700	0.188200	0.177600	0.164600	0.149350	0.134650	0.125300	0.119550	0.114700	0.110800	0.110050	0.117450	0.136600	0.169500	0.216950	0.277000	0.345750	0.417650	
0.067350	0.067450	0.067050	0.067300	0.067750	0.068000	0.067900	0.065850	0.062900	0.059700	0.056300	0.053200	0.052500	0.053250	0.054650	0.059150	0.072250	0.102750	0.158900	0.242000	0.334700	0.410200	0.455400	0.478850	0.503050	0.540350	0.590200	0.648850	0.704600	0.750050	0.784450	
0.104900	0.098600	0.093850	0.091250	0.090950	0.094450	0.101900	0.112200	0.125700	0.143700	0.167450	0.198450	0.234900	0.270600	0.297150	0.311250	0.312000	0.301400	0.286200	0.274350	0.267300	0.260800	0.255100	0.254100	0.265700	0.295250	0.342150	0.406800	0.482900	0.560700	0.631500	
0.290950	0.288450	0.285450	0.282350	0.279650	0.280450	0.284850	0.290950	0.298550	0.306800	0.316100	0.324800	0.331450	0.334100	0.331900	0.326350	0.315800	0.301850	0.289350	0.281800	0.277400	0.272900	0.267950	0.267400	0.278900	0.308000	0.354350	0.416700	0.490000	0.565500	0.634950	
0.270450	0.261700	0.256700	0.254400	0.255200	0.261950	0.274900	0.289850	0.306400	0.326450	0.351700	0.382500	0.416800	0.450100	0.486050	0.534000	0.599100	0.667350	0.717250	0.742750	0.752250	0.755450	0.760500	0.767350	0.779400	0.796250	0.812650	0.826850	0.836250	0.842200	0.846800	
0.437800	0.431850	0.431450	0.433800	0.443500	0.463800	0.497100	0.541400	0.588300	0.628550	0.658250	0.675500	0.682600	0.682650	0.676900	0.667050	0.654250	0.639350	0.625300	0.614900	0.608700	0.602900	0.600050	0.602600	0.617900	0.647850	0.685300	0.725500	0.759300	0.787100	0.809400	
0.510150	0.524550	0.543900	0.554900	0.562200	0.571950	0.587650	0.607700	0.630000	0.654500	0.680550	0.704100	0.721400	0.732300	0.739350	0.741800	0.741250	0.743000	0.749350	0.758800	0.767000	0.771500	0.777750	0.785600	0.796950	0.812600	0.826350	0.837400	0.845050	0.849700	0.854150	
0.128350	0.169950	0.216950	0.276200	0.343950	0.380000	0.378800	0.358800	0.322550	0.281250	0.240250	0.202050	0.168200	0.138300	0.111650	0.089600	0.071850	0.058550	0.048200	0.040400	0.033950	0.030850	0.030200	0.029900	0.029800	0.029150	0.025950	0.023550	0.023800	0.028000	0.042450	
0.109800	0.091650	0.082250	0.081200	0.088600	0.106450	0.144100	0.214600	0.328200	0.465700	0.565350	0.593550	0.586000	0.581200	0.578900	0.565450	0.550200	0.551800	0.567900	0.561750	0.523200	0.509550	0.510900	0.498950	0.476300	0.425400	0.347350	0.308850	0.331350	0.424400	0.555150	
0.047500	0.044950	0.043450	0.042050	0.040350	0.037250	0.033500	0.029650	0.026800	0.024850	0.024100	0.023400	0.023650	0.024200	0.025250	0.028200	0.035650	0.055700	0.101400	0.185150	0.305300	0.447300	0.585400	0.688300	0.753150	0.793150	0.814300	0.827100	0.834550	0.839000	0.843750	
0.095650	0.102250	0.105500	0.107950	0.112050	0.119000	0.129050	0.140900	0.153200	0.166300	0.179150	0.188650	0.190150	0.181450	0.165000	0.143150	0.119650	0.098150	0.080750	0.066050	0.052750	0.045100	0.042450	0.040900	0.041300	0.040550	0.033650	0.028350	0.028350	0.038050	0.068850	
0.263250	0.255300	0.249850	0.248150	0.249250	0.256150	0.268750	0.282800	0.298000	0.314750	0.333750	0.354850	0.374950	0.391800	0.411250	0.436550	0.466100	0.501850	0.554850	0.630150	0.707900	0.763300	0.798500	0.818550	0.833450	0.845100	0.851250	0.854750	0.855550	0.855650	0.857450	
0.203650	0.225050	0.235400	0.247750	0.267500	0.290750	0.324650	0.371600	0.418000	0.446450	0.446600	0.422700	0.386550	0.345550	0.301950	0.255350	0.209750	0.171550	0.141500	0.114400	0.087650	0.073000	0.068350	0.065250	0.064000	0.059100	0.045050	0.034700	0.034350	0.047450	0.089250	
0.132450	0.127450	0.122500	0.119700	0.117850	0.118000	0.119850	0.121850	0.124700	0.128300	0.132300	0.137950	0.147350	0.158800	0.169850	0.185350	0.214600	0.267800	0.346400	0.439500	0.521950	0.573100	0.598450	0.612900	0.632900	0.664500	0.702100	0.742250	0.775750	0.799950	0.817800	
0.118200	0.130250	0.135150	0.142000	0.155500	0.173800	0.201900	0.242600	0.286850	0.317800	0.322050	0.302550	0.271300	0.234700	0.196900	0.158450	0.122950	0.094350	0.073650	0.057800	0.044150	0.037100	0.034700	0.033600	0.033650	0.032250	0.027050	0.023600	0.024050	0.030350	0.051300	
0.080750	0.078600	0.077200	0.076100	0.076750	0.078800	0.081800	0.084350	0.086150	0.087900	0.089100	0.090400	0.093350	0.097800	0.102100	0.110650	0.130750	0.170950	0.233850	0.311600	0.384400	0.434000	0.458000	0.470850	0.491600	0.527700	0.576900	0.635350	0.692100	0.739350	0.775300	
0.436100	0.446250	0.455400	0.466500	0.485050	0.510900	0.551450	0.606350	0.662850	0.707500	0.732500	0.740550	0.737000	0.725200	0.700800	0.659000	0.607950	0.561750	0.519350	0.467050	0.403250	0.371550	0.368150	0.359900	0.351500	0.322550	0.257800	0.208400	0.202950	0.253150	0.378400	
0.276300	0.278950	0.279300	0.276800	0.272650	0.268550	0.266400	0.264450	0.260750	0.255300	0.249850	0.244200	0.237550	0.232700	0.231850	0.233150	0.233450	0.236700	0.251100	0.278550	0.306500	0.322550	0.328300	0.331250	0.346150	0.377200	0.425350	0.489800	0.561950	0.631900	0.692400	
0.087100	0.084550	0.081500	0.078800	0.077300	0.077100	0.078800	0.081550	0.084600	0.088300	0.092400	0.096850	0.100550	0.103400	0.106200	0.108150	0.107400	0.106300	0.109100	0.117100	0.124650	0.127700	0.126850	0.127650	0.136350	0.157700	0.193550	0.244500	0.308200	0.380500	0.454600	
0.256150	0.277150	0.288200	0.297850	0.310750	0.323800	0.339600	0.354750	0.360250	0.352650	0.334350	0.310350	0.285050	0.259550	0.234250	0.209900	0.185400	0.161500	0.140650	0.122900	0.104900	0.094100	0.090050	0.087850	0.089400	0.088850	0.075450	0.062700	0.063650	0.088850	0.155750	
0.139500	0.137700	0.137600	0.137550	0.135750	0.126650	0.109450	0.089750	0.072250	0.060050	0.051900	0.045750	0.042250	0.042600	0.044350	0.046150	0.051800	0.070950	0.121550	0.221250	0.367850	0.533500	0.673200	0.758200	0.803550	0.828300	0.838500	0.844450	0.846500	0.847150	0.848300	
0.052350	0.044150	0.039800	0.038700	0.039400	0.041300	0.044550	0.047850	0.049750	0.052100	0.054850	0.056600	0.061050	0.077750	0.122200	0.207400	0.327150	0.460900	0.589500	0.692800	0.755600	0.786050	0.804650	0.817650	0.828800	0.839850	0.844750	0.848150	0.849650	0.849750	0.850600	
0.201750	0.177800	0.164550	0.161800	0.170000	0.190450	0.229000	0.292650	0.387200	0.500400	0.592400	0.633650	0.638600	0.631300	0.624100	0.617400	0.609750	0.604050	0.604150	0.612200	0.620100	0.622050	0.623350	0.626700	0.641000	0.669650	0.705800	0.744250	0.775550	0.798050	0.814600	
0.213900	0.210000	0.206550	0.205100	0.206400	0.213050	0.225150	0.239000	0.253050	0.269150	0.285700	0.299300	0.306750	0.307000	0.300400	0.289900	0.276550	0.263000	0.250750	0.241400	0.235350	0.229950	0.224650	0.223450	0.234150	0.261250	0.303800	0.363750	0.435600	0.512800	0.586750	
0.343000	0.345250	0.346100	0.347800	0.352250	0.360450	0.372150	0.382350	0.383650	0.372750	0.353650	0.331700	0.310300	0.291650	0.276400	0.264900	0.252700	0.239600	0.229400	0.225300	0.223350	0.220300	0.216100	0.215150	0.225600	0.251800	0.294100	0.352550	0.423000	0.499500	0.574900	
0.350900	0.331300	0.320750	0.320850	0.333300	0.360500	0.409200	0.484100	0.580350	0.671500	0.726550	0.742900	0.739600	0.728850	0.714550	0.699500	0.685050	0.671750	0.659350	0.651350	0.649300	0.651750	0.657900	0.661650	0.670050	0.690800	0.722500	0.761200	0.796050	0.822700	0.841650	
0.097200	0.102000	0.103750	0.104000	0.103500	0.102950	0.102400	0.100050	0.095800	0.090950	0.085150	0.079300	0.073800	0.067900	0.062300	0.058300	0.054750	0.050900	0.047150	0.044600	0.042800	0.040850	0.039650	0.039500	0.042850	0.051600	0.067700	0.095350	0.135250	0.186550	0.243700	
0.379200	0.374650	0.374300	0.375100	0.379300	0.391150	0.413300	0.442400	0.477200	0.518650	0.569600	0.625500	0.678050	0.718900	0.745400	0.759100	0.764600	0.767350	0.769150	0.770550	0.772950	0.774300	0.780000	0.787100	0.798600	0.812150	0.823700	0.832300	0.837700	0.840900	0.845000	
0.046800	0.049700	0.050550	0.050650	0.050250	0.049850	0.049100	0.046950	0.044100	0.041450	0.038450	0.035250	0.032850	0.030700	0.028700	0.027400	0.026350	0.025650	0.024850	0.024100	0.023550	0.023200	0.022800	0.022700	0.024100	0.027600	0.035100	0.049350	0.073400	0.108450	0.153250	
0.211150	0.212700	0.212450	0.212350	0.213650	0.217300	0.223350	0.227350	0.230000	0.231500	0.231750	0.230350	0.228800	0.226650	0.224250	0.223600	0.227300	0.233350	0.236150	0.236750	0.235650	0.231750	0.227350	0.226550	0.237700	0.264950	0.308250	0.368150	0.441050	0.518000	0.592200	
0.301500	0.347100	0.388800	0.433500	0.482350	0.517000	0.545500	0.571250	0.575400	0.557150	0.521700	0.476250	0.429700	0.383800	0.338750	0.295100	0.255750	0.221850	0.192750	0.164700	0.136600	0.121700	0.117900	0.114200	0.112050	0.103900	0.081300	0.063100	0.061650	0.084150	0.146400	
0.144400	0.138700	0.133050	0.129400	0.127800	0.128750	0.132500	0.138800	0.146300	0.155650	0.166650	0.178950	0.191150	0.200550	0.207650	0.210950	0.208900	0.203950	0.201400	0.204150	0.207500	0.207400	0.204900	0.204500	0.215100	0.241850	0.285450	0.346200	0.420200	0.500450	0.577250	
0.064550	0.060050	0.057150	0.055400	0.052800	0.047750	0.042050	0.036400	0.032150	0.030350	0.030500	0.030900	0.032600	0.039250	0.060300	0.110250	0.187400	0.260800	0.309300	0.342300	0.365250	0.375100	0.376950	0.378850	0.393400	0.425850	0.475750	0.540850	0.611250	0.674500	0.726200	
0.333050	0.350400	0.362400	0.365250	0.360250	0.350050	0.338350	0.324950	0.308750	0.291100	0.274200	0.257950	0.243450	0.231350	0.225100	0.221900	0.217400	0.215000	0.220400	0.234650	0.248850	0.255250	0.255500	0.256800	0.269250	0.298200	0.344600	0.408600	0.483550	0.562250	0.634800	
0.052100	0.050550	0.049050	0.047850	0.046800	0.046400	0.047050	0.047750	0.048650	0.049500	0.050400	0.051250	0.051700	0.051850	0.052400	0.053600	0.053600	0.054300	0.058700	0.067700	0.077200	0.082850	0.084350	0.085750	0.093150	0.110100	0.139100	0.182400	0.238800	0.303900	0.372700	
0.259100	0.236950	0.224900	0.223400	0.233850	0.257950	0.301850	0.372300	0.470550	0.573550	0.638100	0.651850	0.636450	0.608600	0.578050	0.549350	0.524150	0.500800	0.477550	0.459550	0.451250	0.451900	0.455750	0.455200	0.458900	0.477500	0.509700	0.555500	0.612900	0.681950	0.755500	
0.082300	0.070200	0.063250	0.061900	0.065250	0.074800	0.093650	0.125850	0.175150	0.238800	0.312050	0.392800	0.482950	0.572950	0.650150	0.707600	0.745950	0.771300	0.788000	0.799450	0.806750	0.811900	0.819900	0.828600	0.838950	0.849200	0.854500	0.857500	0.857900	0.858150	0.859550	
0.100050	0.094850	0.089850	0.086600	0.084800	0.084800	0.087450	0.091600	0.097050	0.103900	0.112350	0.122200	0.132600	0.142550	0.152700	0.161200	0.166200	0.172150	0.187350	0.215200	0.245400	0.264050	0.271000	0.274900	0.288650	0.319200	0.367150	0.433250	0.509050	0.585400	0.653250	
0.520650	0.541350	0.569050	0.583250	0.589150	0.589900	0.591650	0.593100	0.591600	0.589800	0.589650	0.592050	0.595000	0.599450	0.610750	0.629700	0.653800	0.680650	0.713900	0.750450	0.779950	0.797900	0.812150	0.823800	0.834150	0.844850	0.851150	0.855700	0.856200	0.856450	0.858550	
0.194750	0.219200	0.232800	0.247500	0.268650	0.292750	0.325350	0.368950	0.407600	0.426750	0.419700	0.393050	0.355800	0.315200	0.272650	0.227600	0.184550	0.148200	0.120000	0.095850	0.073150	0.061000	0.056600	0.053950	0.053750	0.050300	0.039300	0.031450	0.031500	0.044450	0.083600	
0.188700	0.197350	0.200800	0.199850	0.194500	0.186650	0.178700	0.169950	0.158900	0.146450	0.134850	0.124300	0.115050	0.108550	0.107050	0.108250	0.109000	0.113500	0.129550	0.162100	0.201600	0.230450	0.244100	0.251600	0.266750	0.298000	0.346800	0.412750	0.490100	0.568650	0.640250	
0.102750	0.097100	0.093600	0.092350	0.093300	0.097650	0.106300	0.117250	0.130300	0.146350	0.165950	0.189100	0.214150	0.237050	0.256050	0.275500	0.305750	0.355850	0.424200	0.497750	0.557400	0.590600	0.607350	0.617450	0.635700	0.667150	0.705500	0.745900	0.781100	0.806800	0.824750	
0.251900	0.274500	0.296850	0.317300	0.332450	0.324050	0.289500	0.244000	0.200400	0.168350	0.143200	0.119800	0.104100	0.099200	0.096950	0.091700	0.091200	0.106050	0.139300	0.178900	0.208750	0.226050	0.234900	0.235950	0.239250	0.254300	0.286700	0.341700	0.419800	0.516650	0.620750	
0.184200	0.182500	0.180500	0.180500	0.181800	0.185850	0.191500	0.194850	0.195950	0.196800	0.195950	0.194850	0.197300	0.201900	0.207250	0.218900	0.247300	0.301300	0.381850	0.477900	0.563400	0.616750	0.643900	0.659100	0.677650	0.706650	0.738950	0.771250	0.797850	0.815900	0.829450	
0.101300	0.084650	0.075900	0.073900	0.078650	0.091800	0.116700	0.160000	0.222950	0.289900	0.331800	0.340600	0.335750	0.329650	0.324000	0.323800	0.332300	0.347000	0.360400	0.368300	0.371450	0.369400	0.364900	0.363550	0.376200	0.408900	0.460450	0.529300	0.603600	0.672150	0.727300	
0.042950	0.035350	0.031600	0.031050	0.032800	0.038000	0.049550	0.074500	0.122950	0.197400	0.280500	0.345450	0.381650	0.400900	0.416350	0.430600	0.442350	0.460800	0.504200	0.580900	0.669950	0.739950	0.785900	0.812700	0.830500	0.845000	0.852700	0.855950	0.856800	0.857650	0.858400	
0.389800	0.403500	0.413900	0.416550	0.413400	0.407000	0.401350	0.395450	0.386600	0.376200	0.365350	0.354350	0.343300	0.333300	0.328450	0.325500	0.320800	0.317900	0.323150	0.338150	0.352600	0.358850	0.358900	0.360300	0.375100	0.408200	0.459600	0.527350	0.600200	0.667400	0.723050	
0.072050	0.078600	0.083500	0.086450	0.085200	0.079100	0.069100	0.057400	0.047850	0.040750	0.035750	0.032250	0.030900	0.030850	0.031100	0.032950	0.038400	0.052900	0.084300	0.139200	0.209300	0.272850	0.314150	0.337150	0.359300	0.392300	0.438100	0.498200	0.565300	0.630700	0.687350	
0.047450	0.038700	0.034550	0.033950	0.036200	0.042650	0.056600	0.086050	0.144000	0.236700	0.357800	0.485100	0.592150	0.665450	0.708350	0.725250	0.726850	0.721900	0.713450	0.693000	0.650500	0.618650	0.623900	0.629100	0.623100	0.593350	0.512450	0.425500	0.391300	0.420900	0.524900	
0.085400	0.243750	0.673800	1.100900	1.255100	1.208250	1.106500	1.045100	1.004750	0.955750	0.923300	0.895700	0.870800	0.850750	0.838200	0.827900	0.820600	0.815850	0.813850	0.813250	0.813200	0.815600	0.823850	0.832000	0.841950	0.851800	0.855450	0.857700	0.858250	0.859000	0.859700	
0.345800	0.351550	0.355450	0.356450	0.356950	0.360600	0.368150	0.375650	0.380600	0.383650	0.384700	0.382150	0.374800	0.365200	0.356600	0.349150	0.339750	0.329900	0.324850	0.326650	0.329550	0.328900	0.325750	0.325750	0.338700	0.370500	0.420050	0.486200	0.561200	0.634150	0.697350	
0.106500	0.105950	0.104550	0.103750	0.103750	0.106200	0.110050	0.112900	0.114400	0.115250	0.114950	0.113650	0.112600	0.110650	0.107550	0.106300	0.107900	0.110150	0.110450	0.109600	0.108200	0.105200	0.101900	0.101650	0.109350	0.128000	0.159750	0.206900	0.266850	0.336200	0.409300	
0.061800	0.062200	0.061850	0.061500	0.061800	0.062800	0.064450	0.064850	0.064400	0.063750	0.062100	0.060050	0.058400	0.056300	0.054200	0.053050	0.053100	0.053550	0.053400	0.052900	0.051850	0.050350	0.048850	0.048600	0.052700	0.063300	0.083600	0.116400	0.162150	0.219550	0.282300	
