0.3227 0.3232 0.3258 0.3304 0.3361 0.3406 0.3472 0.3612 0.3802 0.3872 0.3806 0.3625 0.3395 0.3121 0.2888 0.2727 0.2594 0.2395 0.222 0.2185 0.2243 0.2263 0.2158 0.2098 0.2232 0.2684 0.3338 0.3973 0.452 0.4544 0.4623
0.3699 0.3638 0.3558 0.3456 0.3323 0.3153 0.2982 0.2865 0.2736 0.2574 0.241 0.225 0.2142 0.2104 0.2121 0.2204 0.2371 0.2678 0.3073 0.3458 0.3772 0.391 0.387 0.3831 0.3922 0.4176 0.4455 0.4656 0.4753 0.4716 0.4719
0.0688 0.0631 0.0588 0.054 0.0492 0.0444 0.0395 0.0367 0.0341 0.0325 0.0313 0.0306 0.0302 0.0304 0.0309 0.0321 0.0336 0.0384 0.0519 0.0789 0.119 0.1564 0.1801 0.2021 0.2088 0.1993 0.1831 0.1762 0.2019 0.251 0.319
0.2853 0.2855 0.2902 0.3013 0.3166 0.3339 0.3546 0.3783 0.4094 0.433 0.4455 0.4479 0.4457 0.4398 0.4334 0.4307 0.4283 0.4212 0.4137 0.4127 0.4138 0.4132 0.4053 0.4001 0.4063 0.4261 0.4474 0.4627 0.4672 0.4647 0.4646
0.1121 0.1085 0.1115 0.1171 0.1248 0.1339 0.1429 0.1559 0.1757 0.1893 0.1899 0.1806 0.1693 0.1609 0.1548 0.148 0.1413 0.1405 0.1401 0.1328 0.1149 0.0997 0.0992 0.1039 0.103 0.0957 0.0857 0.0819 0.1001 0.1415 0.2122
0.3762 0.3824 0.3896 0.402 0.4154 0.4268 0.434 0.4381 0.4378 0.4346 0.4297 0.4233 0.4193 0.4178 0.4194 0.4273 0.4396 0.4553 0.4703 0.4792 0.4814 0.4808 0.4774 0.4752 0.4725 0.4693 0.4667 0.4664 0.4634 0.4622 0.4624
0.0624 0.062 0.0649 0.0729 0.0859 0.1045 0.1273 0.1512 0.1827 0.212 0.2326 0.2398 0.2345 0.2213 0.2037 0.1779 0.1504 0.1328 0.1222 0.109 0.0921 0.0792 0.0782 0.0814 0.0816 0.077 0.0698 0.067 0.0824 0.1187 0.1838
0.1774 0.167 0.1604 0.1556 0.1495 0.1434 0.1369 0.1342 0.1303 0.1249 0.1163 0.1073 0.1025 0.1017 0.1038 0.1112 0.1259 0.1592 0.2163 0.2921 0.3688 0.4202 0.4358 0.4407 0.4472 0.4598 0.4722 0.481 0.481 0.4785 0.4763
0.3862 0.3935 0.402 0.4175 0.4358 0.4527 0.4685 0.4795 0.4872 0.4898 0.4913 0.4909 0.4893 0.487 0.4861 0.4886 0.4906 0.4922 0.4932 0.4935 0.4935 0.4916 0.4863 0.4827 0.4825 0.4847 0.4871 0.4895 0.4864 0.4831 0.4812
0.036 0.0356 0.0366 0.0387 0.0431 0.0493 0.0578 0.0676 0.0809 0.0948 0.1092 0.1234 0.1364 0.1499 0.1613 0.1672 0.1693 0.1706 0.1712 0.1665 0.1467 0.1279 0.1249 0.1323 0.1337 0.1238 0.1104 0.1048 0.1235 0.1679 0.2407
0.1378 0.1256 0.1117 0.0957 0.0813 0.0676 0.0567 0.05 0.0446 0.0406 0.0375 0.0355 0.0341 0.0338 0.0341 0.0353 0.037 0.0396 0.0444 0.0502 0.0581 0.0623 0.0611 0.0608 0.0646 0.0851 0.1279 0.1905 0.3103 0.3559 0.4072
0.0592 0.0562 0.0554 0.0565 0.0587 0.0624 0.0683 0.0826 0.1185 0.1761 0.2485 0.3134 0.3401 0.3358 0.3183 0.3006 0.282 0.2574 0.2364 0.2283 0.2267 0.2243 0.2153 0.2121 0.2225 0.2518 0.2882 0.3209 0.3708 0.3998 0.4342
0.161 0.1513 0.1455 0.142 0.1373 0.133 0.129 0.1278 0.1271 0.1229 0.1153 0.1069 0.102 0.1013 0.1034 0.1104 0.1247 0.1575 0.2125 0.2832 0.3533 0.398 0.4093 0.4122 0.4191 0.4345 0.4505 0.4615 0.4625 0.4604 0.4591
0.0546 0.0544 0.0566 0.063 0.0733 0.0876 0.1046 0.1202 0.1365 0.1464 0.1473 0.1447 0.1348 0.1195 0.1049 0.0946 0.0863 0.0741 0.0651 0.0637 0.0645 0.0647 0.0619 0.0611 0.0649 0.086 0.1303 0.1944 0.3144 0.3571 0.4046
0.0853 0.0783 0.0742 0.0717 0.0685 0.0655 0.063 0.0621 0.0611 0.0594 0.0558 0.0523 0.0504 0.0501 0.0517 0.0555 0.0636 0.0843 0.1263 0.1959 0.293 0.3881 0.4392 0.4626 0.4713 0.4747 0.4765 0.4781 0.4741 0.4696 0.466
0.2331 0.2247 0.2222 0.2243 0.2271 0.2324 0.2414 0.2615 0.2968 0.327 0.34 0.34 0.3365 0.3324 0.3327 0.34 0.3534 0.3697 0.3853 0.3992 0.4118 0.4147 0.409 0.4046 0.4106 0.4299 0.4501 0.4646 0.4686 0.4659 0.4654
0.3788 0.3908 0.4012 0.4079 0.4071 0.3975 0.3762 0.3547 0.3275 0.2982 0.2711 0.2459 0.225 0.2062 0.192 0.184 0.179 0.1697 0.161 0.1625 0.1685 0.1686 0.1624 0.1579 0.1703 0.2129 0.2826 0.3591 0.4419 0.4504 0.4658
0.1114 0.1052 0.1044 0.1062 0.1096 0.1155 0.1271 0.1506 0.2017 0.2707 0.3381 0.3867 0.4082 0.4169 0.4223 0.4297 0.4387 0.4534 0.4684 0.476 0.4776 0.4758 0.4732 0.4721 0.4705 0.4663 0.4618 0.4623 0.4612 0.4644 0.4667
0.0528 0.0505 0.0497 0.0502 0.0505 0.0512 0.0524 0.0552 0.0592 0.0611 0.0599 0.0556 0.0513 0.0483 0.046 0.0449 0.0446 0.0439 0.0438 0.0446 0.0468 0.0477 0.0464 0.0458 0.0482 0.0625 0.0958 0.1475 0.2619 0.3206 0.3863
0.3341 0.3297 0.3291 0.3323 0.336 0.3412 0.3508 0.37 0.4002 0.4243 0.4358 0.4364 0.4343 0.4318 0.4312 0.4342 0.4391 0.4488 0.4588 0.4627 0.4618 0.4573 0.4536 0.4518 0.4495 0.4448 0.4402 0.441 0.4404 0.4441 0.4473
0.1459 0.1424 0.1458 0.1569 0.1704 0.1872 0.2087 0.2406 0.2976 0.3566 0.3916 0.396 0.3727 0.3418 0.3102 0.2711 0.2313 0.2074 0.1924 0.1732 0.1482 0.1289 0.1264 0.133 0.1351 0.1243 0.1132 0.1097 0.1339 0.1828 0.2612
0.3868 0.3853 0.3864 0.3889 0.3917 0.394 0.4023 0.4183 0.4428 0.4611 0.4678 0.4684 0.4649 0.4612 0.4603 0.4632 0.4683 0.4763 0.4843 0.4894 0.4921 0.4917 0.4871 0.4839 0.4834 0.4852 0.4872 0.4893 0.4856 0.482 0.48
0.4732 0.4813 0.4842 0.4843 0.4809 0.4736 0.4683 0.4673 0.4643 0.4598 0.4525 0.442 0.4321 0.4219 0.4145 0.4129 0.4117 0.4094 0.4066 0.4066 0.4093 0.4094 0.4018 0.3966 0.4029 0.4229 0.444 0.4594 0.4641 0.4616 0.4616
0.0685 0.0643 0.062 0.0605 0.0581 0.0557 0.0535 0.0515 0.0497 0.0472 0.0439 0.0408 0.0386 0.0375 0.0371 0.0377 0.0389 0.0403 0.0428 0.0459 0.0504 0.0523 0.0514 0.0509 0.0538 0.0706 0.1077 0.1642 0.2841 0.3421 0.4068
0.0322 0.0314 0.0317 0.0327 0.0345 0.037 0.0405 0.0454 0.0522 0.0601 0.0692 0.0789 0.0889 0.0991 0.1085 0.1184 0.1284 0.1326 0.1353 0.1401 0.1503 0.1543 0.1488 0.144 0.1537 0.1915 0.2568 0.3328 0.4252 0.4375 0.4552
0.3243 0.3348 0.3538 0.387 0.422 0.4554 0.4762 0.484 0.484 0.4749 0.4588 0.4338 0.4037 0.3711 0.3401 0.3074 0.2736 0.2483 0.2307 0.2132 0.193 0.1758 0.1714 0.1764 0.1793 0.1749 0.1688 0.1689 0.2023 0.2547 0.3285
0.038 0.0372 0.0384 0.0407 0.0451 0.051 0.058 0.0649 0.0723 0.0774 0.081 0.0831 0.0853 0.0886 0.0941 0.1019 0.1147 0.1383 0.1723 0.2117 0.2508 0.2739 0.2733 0.2704 0.2833 0.3227 0.3743 0.4193 0.4513 0.4508 0.4525
0.066 0.0659 0.0683 0.075 0.0852 0.0985 0.1119 0.1219 0.1302 0.1331 0.1337 0.1328 0.1329 0.1357 0.1417 0.1535 0.1733 0.2141 0.2787 0.3536 0.4183 0.4566 0.4683 0.4708 0.4712 0.4703 0.4696 0.4692 0.4647 0.4603 0.4564
0.2166 0.2079 0.2038 0.2043 0.205 0.2077 0.2131 0.2278 0.2528 0.2716 0.2754 0.2718 0.2664 0.2656 0.2682 0.2811 0.3034 0.337 0.3741 0.4059 0.4292 0.4375 0.4358 0.4333 0.4371 0.4487 0.4609 0.4692 0.4697 0.467 0.4656
0.0389 0.0387 0.0405 0.0442 0.0518 0.0635 0.0782 0.0915 0.1044 0.1126 0.1143 0.1132 0.1066 0.0999 0.0927 0.0815 0.0696 0.0626 0.0588 0.0537 0.0453 0.0398 0.0389 0.0401 0.0403 0.038 0.0355 0.0348 0.0373 0.0533 0.0881
0.3171 0.2923 0.2595 0.2201 0.1854 0.153 0.1268 0.1095 0.0948 0.0828 0.074 0.0673 0.0644 0.0636 0.065 0.0704 0.08 0.0993 0.1276 0.1616 0.1983 0.2208 0.2201 0.2175 0.2317 0.275 0.3362 0.3936 0.4416 0.4433 0.4493
0.1238 0.1171 0.1142 0.114 0.1129 0.1128 0.1138 0.1171 0.1243 0.1252 0.1217 0.1135 0.1062 0.1014 0.0993 0.1001 0.1048 0.1084 0.1118 0.1176 0.1279 0.1315 0.1265 0.1225 0.1326 0.1693 0.2329 0.3086 0.4017 0.4154 0.4356
0.1895 0.1796 0.1751 0.1744 0.173 0.1733 0.175 0.183 0.1974 0.2048 0.2039 0.1973 0.1925 0.1924 0.1963 0.2101 0.235 0.2795 0.3387 0.395 0.4342 0.4517 0.4564 0.4582 0.4579 0.4534 0.4483 0.4489 0.4495 0.4544 0.4584
0.2509 0.2527 0.2617 0.2809 0.3061 0.3351 0.3635 0.3849 0.4026 0.4114 0.4144 0.4149 0.4127 0.4093 0.407 0.4082 0.4092 0.4089 0.4068 0.4072 0.4127 0.4131 0.4044 0.3992 0.4066 0.429 0.4532 0.4708 0.4766 0.4741 0.4741
0.1557 0.1456 0.1387 0.133 0.1263 0.119 0.1115 0.1072 0.103 0.0963 0.0885 0.0808 0.0763 0.0749 0.0758 0.0797 0.0883 0.106 0.1322 0.1633 0.1954 0.2137 0.2112 0.2078 0.2214 0.2647 0.3276 0.3883 0.4409 0.4431 0.4496
0.1312 0.1342 0.1458 0.1728 0.2103 0.2584 0.3028 0.3307 0.3464 0.3404 0.3148 0.2744 0.2314 0.1949 0.1653 0.1368 0.1111 0.0957 0.0862 0.0769 0.0661 0.0576 0.0569 0.0585 0.0592 0.057 0.0544 0.0528 0.0635 0.0942 0.1522
0.069 0.0684 0.07 0.0746 0.0811 0.0878 0.09 0.0897 0.0867 0.0808 0.0747 0.0687 0.0652 0.0635 0.0633 0.0652 0.0698 0.0771 0.0861 0.0972 0.1108 0.1163 0.1125 0.1095 0.1188 0.1538 0.2169 0.2956 0.4038 0.4229 0.4483
0.1291 0.1219 0.1203 0.1227 0.1258 0.1314 0.1416 0.1618 0.2012 0.2433 0.271 0.28 0.2803 0.2804 0.2828 0.2904 0.3039 0.3309 0.3645 0.385 0.3854 0.3758 0.3757 0.3807 0.3807 0.3679 0.3534 0.3494 0.3756 0.4026 0.4324
0.2924 0.2662 0.2348 0.1982 0.1664 0.137 0.1129 0.0967 0.0828 0.0713 0.0636 0.0582 0.0553 0.0548 0.0566 0.0609 0.0697 0.0928 0.1391 0.2147 0.3153 0.4075 0.4534 0.4729 0.4801 0.4831 0.4846 0.486 0.4822 0.4786 0.4755
0.0652 0.0612 0.061 0.0623 0.0646 0.0685 0.0759 0.0925 0.1338 0.2014 0.2915 0.3829 0.4407 0.4684 0.4776 0.4768 0.4715 0.4639 0.4578 0.4473 0.4314 0.4158 0.4118 0.4162 0.4167 0.4061 0.3931 0.3905 0.4068 0.4284 0.45
0.1623 0.1637 0.1695 0.1858 0.2084 0.2359 0.2632 0.2841 0.3012 0.3074 0.3069 0.3019 0.2936 0.282 0.2718 0.2662 0.2624 0.2522 0.241 0.2418 0.2477 0.2499 0.2395 0.2337 0.2472 0.2907 0.3495 0.4029 0.4454 0.4458 0.4505
0.1473 0.1396 0.1383 0.1411 0.1462 0.1538 0.1688 0.1979 0.2603 0.341 0.4162 0.4696 0.493 0.4993 0.4991 0.497 0.4912 0.4852 0.4795 0.4716 0.4613 0.4512 0.4471 0.4468 0.4455 0.4387 0.4312 0.4321 0.4354 0.4459 0.4536
0.2774 0.2828 0.2891 0.2992 0.3072 0.3099 0.3117 0.3142 0.3152 0.3042 0.2798 0.25 0.2208 0.1907 0.1668 0.1512 0.1389 0.1224 0.109 0.1062 0.1094 0.1094 0.1048 0.1012 0.1105 0.144 0.2049 0.2817 0.3894 0.41 0.4377
0.0605 0.0602 0.0633 0.0735 0.0893 0.1127 0.1411 0.1674 0.1968 0.2179 0.2229 0.2132 0.1899 0.1672 0.1453 0.119 0.0943 0.0815 0.0743 0.0654 0.0541 0.0464 0.0459 0.0475 0.0477 0.0445 0.0414 0.0391 0.0451 0.0662 0.1094
0.3189 0.3144 0.3148 0.3192 0.3258 0.333 0.3484 0.3736 0.4138 0.449 0.4693 0.4758 0.4751 0.4717 0.4681 0.4657 0.4636 0.4632 0.4625 0.4592 0.4488 0.437 0.4331 0.4336 0.4319 0.4238 0.4148 0.4171 0.425 0.4398 0.4527
0.4171 0.3965 0.3642 0.3219 0.2818 0.242 0.2072 0.1835 0.1625 0.1446 0.1307 0.12 0.115 0.1145 0.1172 0.1278 0.1474 0.1862 0.2451 0.316 0.3827 0.4244 0.4354 0.4386 0.4434 0.4532 0.4633 0.4699 0.4694 0.4666 0.4653
0.1718 0.1641 0.1631 0.1665 0.172 0.1798 0.1946 0.222 0.2751 0.3335 0.375 0.395 0.3968 0.3959 0.3943 0.3944 0.3945 0.4014 0.4105 0.4089 0.3938 0.3767 0.3736 0.3798 0.3793 0.3654 0.3508 0.3464 0.3741 0.404 0.4362
0.1999 0.1889 0.1821 0.1777 0.1733 0.1687 0.1658 0.167 0.1697 0.1697 0.1631 0.1545 0.1496 0.1494 0.1529 0.1656 0.1892 0.2341 0.3004 0.3736 0.4351 0.4707 0.4817 0.4841 0.4843 0.4827 0.4808 0.4799 0.4766 0.4741 0.473
0.113 0.1076 0.1077 0.1095 0.1111 0.1132 0.1146 0.1171 0.1215 0.1219 0.1165 0.1085 0.1026 0.1007 0.1007 0.1041 0.1094 0.1215 0.1373 0.1417 0.1319 0.118 0.1184 0.1244 0.1264 0.1147 0.1028 0.0987 0.1198 0.1659 0.2416
0.3475 0.3527 0.3603 0.3754 0.3919 0.4067 0.416 0.4194 0.4187 0.4129 0.4057 0.397 0.3908 0.3884 0.3886 0.3932 0.4014 0.4144 0.4268 0.4275 0.4221 0.4108 0.4087 0.4092 0.4079 0.3983 0.3873 0.385 0.4036 0.4215 0.4402
0.0801 0.0757 0.0757 0.0776 0.0816 0.0874 0.0975 0.118 0.1658 0.2369 0.3163 0.3781 0.3979 0.3938 0.3776 0.3487 0.3135 0.2906 0.2765 0.2549 0.2237 0.1986 0.1948 0.2036 0.2059 0.1908 0.1743 0.1687 0.1973 0.2494 0.3234
0.1648 0.1576 0.1557 0.1573 0.158 0.1594 0.1611 0.1647 0.1722 0.1725 0.1684 0.1591 0.1524 0.1507 0.1515 0.1579 0.1689 0.1902 0.2161 0.2275 0.2205 0.2052 0.206 0.2135 0.2149 0.1994 0.1841 0.1792 0.2103 0.2608 0.3301
0.2085 0.2116 0.2176 0.2293 0.24 0.2462 0.2412 0.2314 0.2145 0.194 0.1747 0.1568 0.1427 0.1308 0.1224 0.1183 0.1156 0.1116 0.1086 0.1087 0.1152 0.1158 0.1116 0.108 0.1176 0.1528 0.2158 0.2944 0.4019 0.4205 0.4467
0.0347 0.034 0.0347 0.0364 0.0392 0.0428 0.0464 0.0498 0.0525 0.0538 0.0539 0.0532 0.0524 0.0525 0.0535 0.0558 0.0596 0.0657 0.0738 0.0837 0.0958 0.1014 0.0985 0.0958 0.1038 0.1344 0.1921 0.267 0.3791 0.4046 0.4349
0.2597 0.2595 0.2636 0.2721 0.2799 0.2836 0.2816 0.2744 0.2621 0.2462 0.2309 0.2165 0.2071 0.2023 0.2022 0.2075 0.2205 0.236 0.2504 0.2666 0.285 0.2907 0.2838 0.2784 0.2915 0.3317 0.3825 0.4255 0.454 0.4533 0.4557
0.1365 0.1295 0.1259 0.1247 0.1225 0.1205 0.1192 0.1196 0.1202 0.1187 0.1113 0.1018 0.0947 0.0906 0.089 0.0899 0.0943 0.1006 0.1074 0.1165 0.1289 0.1335 0.1287 0.1248 0.1351 0.1727 0.2377 0.316 0.416 0.4322 0.4539
0.165 0.157 0.1552 0.1578 0.1627 0.1697 0.1836 0.2113 0.2665 0.3309 0.3814 0.411 0.4209 0.4236 0.427 0.433 0.4416 0.4552 0.4687 0.4767 0.4783 0.4773 0.4741 0.4718 0.4691 0.4661 0.4631 0.4628 0.4594 0.4579 0.4576
0.0547 0.0515 0.0506 0.0514 0.0529 0.0555 0.0602 0.0706 0.0953 0.129 0.159 0.176 0.1789 0.1801 0.1819 0.1869 0.1987 0.2176 0.2394 0.2621 0.2849 0.2942 0.2894 0.2849 0.297 0.3361 0.3867 0.4305 0.4606 0.4596 0.4611
0.0779 0.0735 0.0734 0.0751 0.0785 0.0841 0.0927 0.1122 0.1582 0.2283 0.3098 0.3789 0.4093 0.414 0.4069 0.3888 0.3636 0.345 0.3337 0.3142 0.2843 0.259 0.255 0.2637 0.2653 0.2496 0.2318 0.226 0.2573 0.3048 0.3649
0.1046 0.0982 0.0959 0.0962 0.0964 0.098 0.1004 0.1073 0.1194 0.1259 0.1252 0.1191 0.1128 0.11 0.1093 0.113 0.1199 0.1333 0.1488 0.1662 0.186 0.1939 0.189 0.1844 0.197 0.2403 0.3065 0.3745 0.4406 0.445 0.4549
0.3886 0.3969 0.4057 0.419 0.4329 0.444 0.4506 0.4536 0.452 0.4448 0.4365 0.4257 0.4154 0.4049 0.3976 0.3955 0.3941 0.3915 0.3894 0.39 0.3961 0.3969 0.3877 0.382 0.39 0.415 0.442 0.4615 0.4689 0.4667 0.4669
0.1089 0.1017 0.098 0.0966 0.0937 0.0906 0.0875 0.0861 0.0845 0.0813 0.0753 0.0693 0.0662 0.0653 0.0667 0.0705 0.0787 0.0982 0.1315 0.1667 0.1842 0.1845 0.187 0.1981 0.201 0.1868 0.1714 0.1654 0.1942 0.2456 0.3178
0.3621 0.3779 0.3952 0.4133 0.4226 0.4205 0.4018 0.3797 0.35 0.3182 0.2887 0.2605 0.2362 0.2138 0.1961 0.1836 0.1738 0.161 0.1503 0.1477 0.1466 0.1445 0.1381 0.1384 0.1451 0.1677 0.1967 0.2243 0.278 0.3234 0.3813
0.0834 0.0753 0.0697 0.0636 0.0585 0.0531 0.0487 0.0457 0.0431 0.0407 0.0383 0.0366 0.0355 0.0354 0.0361 0.0383 0.0419 0.0505 0.0673 0.0935 0.1274 0.1547 0.1595 0.1598 0.1727 0.2137 0.2796 0.3513 0.4284 0.436 0.4489
0.3695 0.353 0.3285 0.2942 0.2599 0.2246 0.192 0.1699 0.1498 0.1325 0.1193 0.1087 0.1032 0.1025 0.1043 0.112 0.1275 0.1549 0.1911 0.2326 0.2727 0.2952 0.2936 0.2904 0.3039 0.3425 0.3901 0.4295 0.4554 0.4539 0.4562
0.0423 0.042 0.0438 0.0476 0.0541 0.0636 0.0771 0.0922 0.1141 0.1383 0.1647 0.1942 0.2266 0.2631 0.3025 0.3441 0.3832 0.4097 0.4264 0.4375 0.447 0.4486 0.4459 0.4432 0.4465 0.4573 0.4688 0.4767 0.4769 0.474 0.4698
0.2158 0.2101 0.2086 0.2104 0.2116 0.2138 0.2169 0.2264 0.2424 0.2481 0.2419 0.2276 0.2124 0.1974 0.1862 0.1811 0.1792 0.1726 0.1651 0.167 0.1736 0.1739 0.1677 0.1632 0.1759 0.2181 0.2856 0.3581 0.4338 0.4403 0.4535
0.0493 0.0481 0.0488 0.0508 0.0532 0.0554 0.0557 0.0546 0.052 0.0491 0.046 0.0437 0.0423 0.0423 0.0436 0.0471 0.0518 0.0672 0.0997 0.1556 0.2359 0.3168 0.3585 0.3757 0.3918 0.4161 0.4408 0.4584 0.4672 0.463 0.4611
0.0708 0.068 0.0686 0.0714 0.0765 0.0831 0.0937 0.1125 0.1547 0.2126 0.2661 0.291 0.2779 0.251 0.2225 0.1902 0.1592 0.1393 0.1272 0.1143 0.0983 0.0856 0.0841 0.087 0.0879 0.0843 0.0776 0.0751 0.0917 0.1305 0.1992
0.1049 0.0977 0.0949 0.0949 0.0946 0.0957 0.098 0.1045 0.116 0.1225 0.1224 0.1175 0.114 0.1135 0.116 0.1245 0.1407 0.1781 0.2416 0.3239 0.4045 0.4583 0.4783 0.4848 0.4867 0.4874 0.4874 0.4876 0.4828 0.4781 0.4742
0.3365 0.3318 0.3306 0.3338 0.3377 0.3425 0.3549 0.377 0.4123 0.4421 0.4584 0.4621 0.4625 0.4606 0.46 0.4628 0.4665 0.4733 0.4797 0.4819 0.4822 0.4792 0.475 0.4722 0.4694 0.466 0.4633 0.4628 0.4593 0.4577 0.4575
0.0383 0.0375 0.0387 0.0411 0.0456 0.0518 0.0592 0.0663 0.0736 0.0776 0.0782 0.0771 0.0731 0.0678 0.0623 0.0585 0.0552 0.0506 0.0466 0.0458 0.0468 0.0472 0.0457 0.0451 0.0473 0.0612 0.0936 0.1441 0.2566 0.3159 0.3827
0.0364 0.0357 0.0365 0.0385 0.0419 0.047 0.0532 0.0591 0.0659 0.0705 0.0742 0.0764 0.0788 0.0825 0.0885 0.0975 0.1115 0.1417 0.1922 0.2548 0.3077 0.334 0.3457 0.359 0.3617 0.3524 0.3372 0.3309 0.3539 0.3851 0.4172
0.1077 0.1037 0.106 0.1112 0.1199 0.1314 0.1484 0.1756 0.2299 0.2979 0.3596 0.399 0.4065 0.4009 0.3852 0.3574 0.3229 0.2996 0.2848 0.2625 0.2305 0.2053 0.2019 0.2108 0.2123 0.1967 0.1808 0.1753 0.2058 0.2586 0.3328
0.4982 0.511 0.518 0.5214 0.5215 0.5162 0.5115 0.5079 0.5029 0.4957 0.4897 0.4823 0.475 0.4678 0.4621 0.4605 0.4587 0.4569 0.4547 0.454 0.4545 0.4533 0.4464 0.4423 0.4444 0.4533 0.4625 0.4689 0.468 0.4651 0.4641
0.2403 0.2521 0.2767 0.3173 0.3604 0.399 0.405 0.3881 0.3528 0.3107 0.2705 0.2322 0.1985 0.1681 0.1442 0.1264 0.1112 0.0968 0.0862 0.0814 0.0782 0.0748 0.0715 0.0722 0.0759 0.0847 0.0953 0.1059 0.1379 0.1871 0.2673
0.0369 0.0359 0.037 0.0393 0.0439 0.05 0.0586 0.0682 0.0812 0.0944 0.1076 0.1212 0.1351 0.1512 0.1699 0.1941 0.2253 0.2678 0.3181 0.3662 0.4056 0.4274 0.4296 0.4308 0.4345 0.4475 0.4609 0.4709 0.4709 0.4686 0.4644
0.0498 0.0484 0.049 0.0512 0.0554 0.0611 0.0698 0.0845 0.1156 0.1597 0.211 0.2609 0.298 0.3238 0.3399 0.3471 0.3471 0.3384 0.3293 0.32 0.3091 0.2964 0.2903 0.2918 0.2976 0.3012 0.3032 0.3069 0.3373 0.3691 0.4045
0.0416 0.0414 0.0431 0.0466 0.0523 0.0611 0.0719 0.0822 0.0944 0.1043 0.1121 0.1182 0.124 0.1319 0.1421 0.1558 0.1752 0.2097 0.2587 0.3037 0.3261 0.3286 0.3313 0.3406 0.3426 0.3301 0.3146 0.3089 0.3338 0.365 0.3987
0.0508 0.0485 0.0485 0.0499 0.0523 0.0558 0.0616 0.0743 0.1056 0.1557 0.2155 0.2627 0.2706 0.2614 0.2419 0.2121 0.1801 0.1614 0.1508 0.1356 0.1139 0.097 0.0944 0.1003 0.1 0.0934 0.0831 0.0786 0.0946 0.1335 0.2014
0.361 0.3573 0.3564 0.3583 0.3602 0.3624 0.3694 0.3846 0.4084 0.4251 0.43 0.4289 0.4241 0.4221 0.423 0.4288 0.439 0.4561 0.4737 0.4852 0.4887 0.4887 0.4857 0.4833 0.4805 0.4774 0.4747 0.4745 0.4709 0.469 0.4688
0.1945 0.1873 0.1848 0.1863 0.1877 0.1907 0.196 0.2084 0.2299 0.2439 0.2434 0.2339 0.2221 0.2108 0.2035 0.203 0.2042 0.2036 0.2028 0.2052 0.216 0.2186 0.2106 0.2054 0.2191 0.2637 0.3295 0.3946 0.4534 0.4565 0.4645
0.5141 0.5259 0.531 0.5317 0.5281 0.5192 0.5121 0.5064 0.4993 0.4909 0.4844 0.4772 0.4714 0.4679 0.4663 0.4687 0.4716 0.4785 0.4849 0.487 0.4873 0.4842 0.48 0.477 0.4739 0.4708 0.4678 0.4674 0.4637 0.4618 0.4615
0.2567 0.258 0.2665 0.2856 0.3117 0.3414 0.3718 0.3956 0.4169 0.43 0.4392 0.444 0.4486 0.4514 0.4554 0.4617 0.4687 0.4766 0.4837 0.4857 0.486 0.4829 0.4787 0.4759 0.473 0.4696 0.4663 0.4661 0.4628 0.4614 0.4614
0.0549 0.0544 0.0562 0.0618 0.0713 0.0842 0.0989 0.1126 0.1275 0.1387 0.1464 0.1514 0.157 0.1644 0.175 0.1909 0.214 0.257 0.3177 0.378 0.421 0.4403 0.4461 0.4489 0.4493 0.4448 0.4388 0.4393 0.4406 0.4482 0.4529
0.2516 0.2441 0.2414 0.2426 0.2435 0.246 0.2512 0.2648 0.2865 0.2999 0.2996 0.2903 0.2797 0.272 0.2703 0.2729 0.2813 0.294 0.3074 0.3224 0.3382 0.3426 0.3354 0.3301 0.3416 0.3764 0.4173 0.449 0.4682 0.4654 0.4665
0.1768 0.1699 0.1654 0.1625 0.1573 0.1518 0.1451 0.1426 0.139 0.1333 0.1231 0.1122 0.1041 0.0982 0.0959 0.0965 0.0996 0.1016 0.1038 0.1085 0.1176 0.1207 0.1156 0.1121 0.1219 0.1574 0.2209 0.2995 0.4058 0.4244 0.4496
0.5084 0.5202 0.5257 0.5263 0.5231 0.5154 0.5108 0.5101 0.5082 0.5058 0.5035 0.4997 0.4954 0.4914 0.4881 0.4879 0.4875 0.4872 0.4858 0.484 0.4821 0.4791 0.4738 0.47 0.4682 0.4676 0.4676 0.4681 0.4637 0.4603 0.4586
0.0379 0.0377 0.039 0.0412 0.0459 0.052 0.0591 0.0653 0.0709 0.0729 0.0723 0.0697 0.0652 0.0599 0.0551 0.0518 0.049 0.0457 0.0427 0.042 0.0428 0.0432 0.042 0.0414 0.0433 0.0555 0.0842 0.1304 0.2374 0.2977 0.3663
0.4676 0.4731 0.4713 0.463 0.45 0.431 0.4114 0.396 0.3797 0.3617 0.3448 0.329 0.3185 0.3132 0.3136 0.3221 0.3382 0.3591 0.3797 0.3978 0.4136 0.4178 0.4124 0.408 0.4148 0.4355 0.4571 0.473 0.4769 0.4743 0.474
0.0867 0.0871 0.091 0.1027 0.1187 0.1389 0.156 0.1659 0.1703 0.169 0.1635 0.1555 0.1486 0.1449 0.1427 0.1406 0.1402 0.1412 0.1432 0.1395 0.1225 0.1073 0.1068 0.1115 0.1104 0.1028 0.0924 0.0886 0.1081 0.1501 0.2211
0.0348 0.034 0.0344 0.0359 0.038 0.0405 0.0427 0.0443 0.0453 0.0454 0.0448 0.0442 0.044 0.0447 0.0469 0.0508 0.0586 0.0767 0.1108 0.166 0.2447 0.3243 0.366 0.3837 0.3982 0.4193 0.4406 0.4561 0.4614 0.4583 0.4562
0.0433 0.0429 0.0446 0.0487 0.0562 0.0671 0.0815 0.0967 0.1167 0.1365 0.1563 0.1758 0.1947 0.2145 0.2332 0.2483 0.259 0.2687 0.2793 0.276 0.2548 0.2327 0.2293 0.2384 0.2407 0.2254 0.2078 0.2011 0.2308 0.2806 0.3461
0.1743 0.1758 0.1817 0.1978 0.2198 0.2453 0.2687 0.2851 0.2957 0.2956 0.2914 0.2824 0.2726 0.2624 0.2544 0.2517 0.2508 0.2464 0.2422 0.2441 0.2536 0.2538 0.2467 0.2413 0.2555 0.2994 0.3588 0.4127 0.4546 0.455 0.4597
0.1648 0.1643 0.1704 0.1842 0.2046 0.2294 0.2552 0.2788 0.3042 0.3219 0.3325 0.3379 0.3432 0.3496 0.3596 0.3766 0.3997 0.4292 0.4582 0.4787 0.4913 0.4938 0.4928 0.4906 0.4881 0.486 0.4844 0.4837 0.4784 0.4742 0.471
0.2794 0.2823 0.2928 0.3135 0.3408 0.3715 0.4013 0.4238 0.4428 0.4543 0.4621 0.4651 0.4662 0.4649 0.4625 0.4594 0.4535 0.4494 0.4448 0.4362 0.4211 0.4062 0.4021 0.4033 0.4019 0.3925 0.3815 0.3789 0.3972 0.4156 0.4354
0.381 0.3886 0.3973 0.4122 0.4293 0.4452 0.4593 0.4693 0.476 0.4777 0.4786 0.478 0.4764 0.4742 0.4731 0.4753 0.4773 0.4788 0.4796 0.4794 0.4789 0.4766 0.4714 0.4675 0.4667 0.468 0.4695 0.4714 0.4675 0.4643 0.4625
0.1455 0.1534 0.1717 0.2069 0.2536 0.3059 0.3307 0.3229 0.289 0.2453 0.2044 0.1671 0.1367 0.1102 0.091 0.0773 0.0667 0.0569 0.0503 0.0478 0.0458 0.0442 0.0427 0.0429 0.0451 0.0493 0.0553 0.0613 0.0805 0.1169 0.1831
0.1078 0.1019 0.1012 0.103 0.1064 0.1123 0.1244 0.1485 0.2029 0.2794 0.3587 0.419 0.4429 0.443 0.4379 0.431 0.4219 0.4066 0.3915 0.3864 0.3873 0.3866 0.3784 0.3729 0.3806 0.4054 0.4329 0.4531 0.4624 0.4588 0.4586
0.0572 0.0528 0.0508 0.0496 0.048 0.0467 0.0459 0.0456 0.0457 0.0451 0.0433 0.0417 0.0404 0.0405 0.0417 0.0455 0.0507 0.0672 0.1007 0.16 0.252 0.3571 0.4245 0.4593 0.4733 0.4776 0.4796 0.481 0.477 0.4726 0.4686
0.0625 0.0626 0.0659 0.0748 0.0893 0.1095 0.1334 0.1539 0.1732 0.1833 0.1818 0.1756 0.1605 0.1412 0.1232 0.1082 0.0947 0.0816 0.0721 0.0676 0.0643 0.061 0.0587 0.0591 0.062 0.068 0.0745 0.081 0.1042 0.1462 0.2177
0.1599 0.1599 0.1669 0.182 0.2041 0.2316 0.2596 0.2826 0.303 0.3154 0.3214 0.3246 0.3282 0.3322 0.3415 0.3561 0.3757 0.4052 0.4379 0.4623 0.4776 0.4817 0.48 0.4776 0.4765 0.4765 0.4769 0.4777 0.4737 0.4694 0.4661
0.1266 0.1286 0.1353 0.1539 0.1779 0.2083 0.239 0.2695 0.308 0.3321 0.329 0.3005 0.2604 0.2235 0.1922 0.1603 0.1314 0.1141 0.1035 0.0923 0.0788 0.0685 0.0674 0.0699 0.0704 0.0673 0.0628 0.0615 0.0743 0.1089 0.1719
0.0734 0.0734 0.0762 0.0837 0.0955 0.1106 0.1253 0.137 0.1466 0.1506 0.1512 0.1505 0.1508 0.1537 0.1599 0.1723 0.193 0.2323 0.2902 0.3531 0.4051 0.4337 0.439 0.4401 0.4431 0.4524 0.4612 0.4666 0.4668 0.4637 0.4599
0.1121 0.1137 0.1208 0.14 0.1664 0.2007 0.2354 0.2669 0.3026 0.3225 0.3145 0.2824 0.2407 0.2048 0.1748 0.1431 0.1149 0.0993 0.0904 0.0798 0.0667 0.0574 0.0567 0.0586 0.0591 0.0557 0.0512 0.0495 0.0591 0.0875 0.1421
0.0746 0.0697 0.0681 0.0682 0.0686 0.0704 0.0732 0.0799 0.0925 0.1025 0.1037 0.1023 0.0995 0.0992 0.102 0.1088 0.1229 0.1553 0.2101 0.2793 0.3403 0.3742 0.3883 0.4 0.4007 0.3949 0.3831 0.3795 0.3988 0.4193 0.441
0.2586 0.2632 0.2722 0.293 0.3209 0.3525 0.3829 0.4058 0.4237 0.4304 0.4311 0.426 0.4139 0.3945 0.3746 0.359 0.3429 0.3195 0.2987 0.2926 0.2938 0.2928 0.283 0.2779 0.2906 0.3276 0.3729 0.4112 0.4435 0.448 0.456
0.22 0.2101 0.2043 0.2014 0.1974 0.1933 0.1904 0.1923 0.1961 0.1954 0.1874 0.1764 0.1688 0.1662 0.1665 0.1741 0.1903 0.2123 0.2368 0.2625 0.2884 0.2987 0.2933 0.2883 0.3032 0.3488 0.4076 0.4583 0.4958 0.4946 0.4975
0.0733 0.0688 0.0674 0.0675 0.0678 0.0692 0.0714 0.0775 0.0887 0.0971 0.0969 0.094 0.0892 0.0864 0.0854 0.0875 0.0934 0.1005 0.1071 0.1163 0.129 0.134 0.1294 0.1257 0.1356 0.1731 0.2382 0.3166 0.4162 0.4315 0.4525
0.1656 0.1692 0.1826 0.2123 0.2505 0.2962 0.3303 0.3445 0.3449 0.3315 0.3092 0.2786 0.2473 0.2221 0.2002 0.1737 0.1478 0.1337 0.126 0.1128 0.0939 0.0803 0.0798 0.0836 0.0828 0.0766 0.0686 0.0655 0.0811 0.1175 0.1829
0.262 0.2249 0.1856 0.1463 0.117 0.0926 0.0747 0.0641 0.0557 0.0493 0.0449 0.0424 0.0409 0.0409 0.0423 0.0463 0.0517 0.0687 0.1036 0.1655 0.2612 0.3705 0.4386 0.4729 0.4859 0.4897 0.4913 0.4927 0.4886 0.4853 0.4832
0.0438 0.0426 0.0431 0.0448 0.0478 0.052 0.0576 0.0675 0.0874 0.1124 0.1357 0.1526 0.163 0.1728 0.1843 0.201 0.2255 0.2706 0.335 0.4005 0.452 0.4808 0.4905 0.4927 0.4935 0.4933 0.4929 0.4927 0.4877 0.4837 0.4787
0.1494 0.1453 0.1495 0.157 0.1698 0.1863 0.2088 0.2405 0.2944 0.3527 0.4 0.4335 0.4506 0.4569 0.4585 0.4594 0.4579 0.4492 0.4394 0.4352 0.435 0.4335 0.426 0.4218 0.426 0.4393 0.4545 0.465 0.4654 0.4634 0.4621
0.1612 0.1541 0.152 0.1539 0.1564 0.1612 0.1683 0.1843 0.2128 0.2359 0.2418 0.2375 0.2272 0.2163 0.2088 0.2077 0.2083 0.2075 0.206 0.2078 0.2179 0.2202 0.2122 0.2069 0.2199 0.2629 0.3241 0.382 0.4307 0.4327 0.4389
0.2962 0.2948 0.2952 0.297 0.2975 0.2974 0.2983 0.3021 0.3075 0.3057 0.2925 0.2737 0.2548 0.2364 0.222 0.2137 0.2086 0.1985 0.1894 0.1907 0.1966 0.1966 0.19 0.1851 0.1981 0.2408 0.3043 0.3673 0.4251 0.4284 0.4375
0.3039 0.2983 0.2985 0.3034 0.3111 0.3203 0.3385 0.3696 0.422 0.4721 0.5056 0.5216 0.5234 0.5218 0.5178 0.5139 0.5079 0.5039 0.4994 0.4916 0.4786 0.4659 0.462 0.4628 0.4613 0.4527 0.4431 0.4456 0.4539 0.4702 0.4842
0.1132 0.1125 0.1133 0.1151 0.1151 0.114 0.1115 0.1094 0.1062 0.1004 0.0897 0.078 0.0685 0.0603 0.0542 0.0508 0.0482 0.045 0.0421 0.0415 0.0424 0.0428 0.0417 0.0412 0.0433 0.0555 0.0851 0.1325 0.2429 0.3081 0.3828
0.2482 0.2501 0.2586 0.2783 0.3048 0.3357 0.368 0.3939 0.4181 0.4349 0.4472 0.4559 0.4618 0.4655 0.4687 0.4734 0.4766 0.478 0.4781 0.4771 0.476 0.4731 0.468 0.4646 0.463 0.4629 0.4633 0.4643 0.4603 0.4568 0.4546
0.0956 0.0963 0.0985 0.1014 0.1027 0.1031 0.1004 0.0983 0.0951 0.0879 0.0771 0.0663 0.0574 0.0502 0.045 0.042 0.0396 0.0371 0.0351 0.0346 0.0352 0.0353 0.0346 0.0345 0.0361 0.0434 0.0641 0.0995 0.1916 0.2558 0.3332
0.1729 0.1649 0.1611 0.1611 0.1603 0.161 0.1627 0.1699 0.1829 0.1882 0.1847 0.1755 0.1673 0.1615 0.1604 0.1634 0.1732 0.1834 0.1924 0.2046 0.2207 0.2262 0.2196 0.2143 0.228 0.2727 0.3374 0.3997 0.4544 0.4564 0.4636
0.2228 0.2303 0.2505 0.2909 0.3431 0.4052 0.4499 0.4611 0.4534 0.4321 0.4064 0.3715 0.3334 0.2996 0.2693 0.2325 0.1965 0.1765 0.1643 0.1468 0.1234 0.1064 0.1057 0.1105 0.1118 0.1014 0.0912 0.0879 0.1083 0.1512 0.2244
0.1093 0.1031 0.1019 0.103 0.105 0.1088 0.1152 0.1292 0.1547 0.1776 0.1847 0.183 0.1746 0.167 0.1627 0.1629 0.1662 0.1697 0.1739 0.1817 0.1946 0.1987 0.1917 0.1865 0.1992 0.243 0.3102 0.3792 0.445 0.4491 0.4588
0.0468 0.0444 0.0436 0.0439 0.0448 0.0464 0.0489 0.0553 0.0694 0.0859 0.0973 0.1 0.1006 0.1013 0.1044 0.111 0.1249 0.1555 0.2048 0.2671 0.3292 0.3708 0.3816 0.3845 0.3945 0.4181 0.4433 0.4624 0.4698 0.4668 0.465
0.2994 0.2922 0.2853 0.2772 0.2667 0.2532 0.2385 0.2299 0.2214 0.2089 0.1943 0.1798 0.1699 0.1638 0.1627 0.1658 0.1763 0.1871 0.1969 0.21 0.2266 0.2321 0.2251 0.2201 0.2341 0.2787 0.3422 0.4025 0.453 0.4547 0.461
0.0365 0.0356 0.0366 0.0386 0.0423 0.0474 0.0528 0.0579 0.063 0.0655 0.0667 0.0666 0.0657 0.065 0.0649 0.0661 0.0681 0.0689 0.07 0.072 0.078 0.0796 0.0774 0.0745 0.0808 0.1064 0.1572 0.2275 0.3475 0.3826 0.4221
0.205 0.2036 0.2086 0.2219 0.2408 0.2637 0.2917 0.324 0.3685 0.4075 0.4334 0.4472 0.4478 0.443 0.4331 0.4253 0.4158 0.3979 0.381 0.3757 0.3774 0.3769 0.3674 0.3615 0.3717 0.402 0.4364 0.4618 0.4761 0.4721 0.4726
0.0686 0.0651 0.0654 0.0671 0.0709 0.0764 0.0855 0.1037 0.1462 0.2106 0.2892 0.3652 0.4166 0.4478 0.4663 0.4793 0.4876 0.4895 0.4905 0.4898 0.4889 0.4871 0.4839 0.4816 0.4798 0.4788 0.4784 0.4785 0.4739 0.4691 0.4649
0.043 0.0427 0.0443 0.0476 0.0529 0.0609 0.0701 0.0787 0.0882 0.0952 0.0995 0.1025 0.1058 0.1094 0.1148 0.1243 0.1389 0.158 0.1786 0.2015 0.2255 0.2363 0.2325 0.2284 0.2412 0.283 0.3409 0.3948 0.4381 0.439 0.4431
0.4294 0.4298 0.4293 0.4291 0.4272 0.4234 0.4245 0.4286 0.4374 0.4399 0.4397 0.4338 0.4286 0.4266 0.4274 0.4349 0.4472 0.4633 0.4781 0.4872 0.4895 0.4889 0.4854 0.4829 0.4801 0.4768 0.4738 0.4737 0.4699 0.4675 0.4669
0.1126 0.1142 0.1234 0.1458 0.1769 0.2179 0.2582 0.2885 0.3143 0.3189 0.3013 0.2638 0.2217 0.1866 0.1578 0.129 0.1036 0.0891 0.0808 0.0716 0.0607 0.0527 0.0521 0.0537 0.0541 0.0513 0.0486 0.0467 0.0556 0.0829 0.1356
0.1558 0.1506 0.15 0.1501 0.1476 0.1432 0.1314 0.1203 0.1082 0.0966 0.0875 0.0799 0.0769 0.0763 0.0782 0.0843 0.0961 0.1198 0.1552 0.1889 0.2026 0.2008 0.2025 0.2133 0.2154 0.2 0.1844 0.1795 0.2108 0.2632 0.3358
0.0862 0.0808 0.0799 0.081 0.0832 0.0873 0.0948 0.1106 0.1431 0.1803 0.2067 0.2167 0.2186 0.2196 0.2248 0.2364 0.2574 0.2987 0.3548 0.41 0.4532 0.4753 0.4771 0.4783 0.4827 0.4964 0.5101 0.5197 0.5193 0.5164 0.5122
0.3471 0.3307 0.3039 0.2672 0.2306 0.1942 0.1626 0.1412 0.1225 0.1069 0.0952 0.086 0.0815 0.0801 0.0813 0.0861 0.0968 0.1148 0.1381 0.1638 0.1883 0.1984 0.1959 0.1943 0.2064 0.2397 0.2834 0.3242 0.3803 0.4069 0.439
0.1586 0.1496 0.145 0.1435 0.1417 0.1412 0.1427 0.1474 0.1578 0.1621 0.1598 0.1534 0.1493 0.1491 0.1524 0.1647 0.1872 0.2299 0.2914 0.3578 0.4112 0.4401 0.4487 0.4511 0.451 0.4483 0.4453 0.4455 0.4438 0.4444 0.4458
0.0927 0.0873 0.0868 0.0883 0.0912 0.0963 0.1043 0.1219 0.1593 0.2054 0.2425 0.2624 0.266 0.2677 0.2704 0.276 0.2859 0.3038 0.3242 0.3298 0.3187 0.3013 0.2991 0.307 0.3083 0.2932 0.2759 0.2706 0.3011 0.341 0.3873
0.0421 0.0414 0.0423 0.0443 0.0481 0.0536 0.0617 0.0736 0.0971 0.1288 0.1661 0.2062 0.2459 0.2865 0.3268 0.3671 0.4032 0.4274 0.4432 0.4521 0.458 0.4597 0.4578 0.4559 0.4562 0.4595 0.4627 0.4659 0.4635 0.4598 0.4555
0.3136 0.3107 0.3112 0.3124 0.3112 0.3075 0.2999 0.2958 0.2911 0.2816 0.2685 0.2539 0.2441 0.2401 0.241 0.2475 0.2601 0.2826 0.3078 0.3164 0.307 0.2907 0.2909 0.2975 0.2977 0.2815 0.2654 0.2612 0.2955 0.3388 0.3906
0.1503 0.1325 0.115 0.0959 0.0802 0.0661 0.0548 0.048 0.0426 0.0388 0.0361 0.0346 0.0337 0.0338 0.0347 0.0371 0.0409 0.0513 0.0758 0.1206 0.1873 0.2565 0.3005 0.3311 0.3398 0.3322 0.3176 0.3126 0.3396 0.3735 0.4114
0.0949 0.0894 0.0887 0.0904 0.0937 0.0991 0.1102 0.1328 0.1852 0.2631 0.3533 0.4319 0.475 0.4933 0.4985 0.5007 0.4998 0.4955 0.4903 0.4867 0.4853 0.4831 0.4787 0.4763 0.4765 0.4805 0.4845 0.488 0.4856 0.482 0.4777
0.5002 0.5113 0.5171 0.5197 0.519 0.5149 0.515 0.5177 0.5207 0.5222 0.5225 0.5204 0.5164 0.5112 0.5074 0.5058 0.5036 0.5013 0.4982 0.4958 0.4938 0.4906 0.4852 0.4816 0.4809 0.4824 0.484 0.4858 0.4823 0.4787 0.4767
0.1583 0.1516 0.1487 0.1477 0.1454 0.1429 0.141 0.1426 0.1439 0.1426 0.1339 0.1226 0.1137 0.1065 0.1027 0.1026 0.1043 0.1049 0.1059 0.1086 0.1169 0.1197 0.1145 0.1108 0.1205 0.156 0.2197 0.2985 0.405 0.4236 0.449
0.0759 0.0743 0.0744 0.0758 0.0766 0.0775 0.0781 0.0797 0.0815 0.081 0.0743 0.0657 0.058 0.0514 0.0467 0.044 0.0421 0.0393 0.0371 0.0365 0.0371 0.0374 0.0367 0.0365 0.0382 0.0469 0.0706 0.1103 0.2091 0.2744 0.3523
0.2972 0.291 0.2891 0.2913 0.2938 0.2974 0.3058 0.3234 0.3512 0.3713 0.376 0.3715 0.3625 0.3537 0.3492 0.35 0.3532 0.358 0.3637 0.3709 0.3804 0.3804 0.3743 0.3691 0.3778 0.4036 0.4324 0.4536 0.4632 0.4599 0.4603
0.1279 0.1213 0.1185 0.1186 0.1178 0.1181 0.1199 0.1242 0.1332 0.1352 0.1322 0.1235 0.1156 0.1093 0.1071 0.1079 0.1115 0.114 0.1168 0.1221 0.1323 0.1357 0.1304 0.1263 0.1368 0.1745 0.2403 0.3189 0.417 0.4315 0.4524
0.0878 0.0865 0.0881 0.0948 0.1028 0.1119 0.1188 0.1262 0.1357 0.1374 0.1339 0.1236 0.1135 0.1065 0.1018 0.0965 0.0913 0.0902 0.0896 0.0845 0.0723 0.0621 0.0616 0.0646 0.0644 0.06 0.0536 0.0545 0.0598 0.0904 0.1459
0.3875 0.3894 0.3926 0.3964 0.4002 0.4029 0.4091 0.4189 0.4342 0.443 0.4426 0.4384 0.431 0.4259 0.4233 0.4239 0.4252 0.4321 0.4403 0.4385 0.431 0.4184 0.4151 0.4166 0.4153 0.4058 0.3948 0.3924 0.4122 0.4297 0.4487
0.3388 0.3347 0.3344 0.338 0.3421 0.3474 0.3571 0.3765 0.4076 0.4318 0.443 0.4433 0.4409 0.4383 0.4378 0.4411 0.4466 0.4576 0.4694 0.4739 0.4728 0.4677 0.4645 0.4632 0.4613 0.4555 0.4499 0.4509 0.4522 0.4574 0.462
0.0559 0.0535 0.0527 0.0532 0.0536 0.0544 0.0557 0.0581 0.0629 0.0643 0.0628 0.058 0.0533 0.05 0.0474 0.0461 0.0457 0.0447 0.0443 0.045 0.0471 0.048 0.0467 0.0462 0.0486 0.063 0.0964 0.1487 0.2654 0.3272 0.3967
0.1221 0.1156 0.1146 0.1161 0.1201 0.1261 0.1385 0.1629 0.2154 0.2838 0.3468 0.3897 0.4073 0.4141 0.4186 0.4252 0.4336 0.4471 0.4605 0.4672 0.4686 0.4667 0.4638 0.4623 0.4601 0.4566 0.4533 0.4537 0.4522 0.4539 0.4559
0.3826 0.3949 0.4054 0.4117 0.4103 0.4003 0.3794 0.3588 0.3323 0.3035 0.2768 0.2514 0.23 0.21 0.1947 0.1855 0.1795 0.1686 0.1589 0.1598 0.1653 0.1651 0.1589 0.1547 0.1671 0.2081 0.2739 0.345 0.4187 0.4255 0.4395
0.3197 0.3142 0.3131 0.316 0.3197 0.3254 0.3357 0.357 0.3915 0.4195 0.4326 0.4333 0.4302 0.4253 0.4228 0.4247 0.4281 0.4344 0.4404 0.4457 0.4499 0.4507 0.445 0.4414 0.4444 0.4548 0.4658 0.4731 0.4728 0.4701 0.4688
0.1043 0.0969 0.0937 0.0922 0.0896 0.0872 0.0844 0.0829 0.0811 0.0779 0.0725 0.0675 0.0646 0.0642 0.0663 0.0719 0.0818 0.1079 0.1582 0.2364 0.334 0.4172 0.4564 0.4728 0.4779 0.4805 0.4818 0.4831 0.4791 0.4751 0.4716
0.0523 0.0521 0.0542 0.0601 0.0702 0.0843 0.1009 0.1162 0.1322 0.1419 0.1426 0.1399 0.1301 0.1152 0.1013 0.0914 0.0832 0.0719 0.063 0.0616 0.0624 0.0627 0.06 0.0592 0.063 0.0837 0.1274 0.1912 0.3157 0.3645 0.4185
0.0369 0.036 0.037 0.0391 0.0432 0.0485 0.0551 0.0614 0.0684 0.0733 0.0768 0.0789 0.0812 0.0845 0.09 0.0979 0.1107 0.1343 0.1691 0.2102 0.2514 0.2763 0.2758 0.2775 0.2877 0.3261 0.3759 0.4188 0.45 0.4489 0.4504
0.3181 0.3293 0.3511 0.3902 0.4337 0.4784 0.5067 0.5143 0.5105 0.4992 0.4837 0.4601 0.4309 0.4017 0.3721 0.334 0.2933 0.2686 0.2527 0.2299 0.1991 0.1764 0.1735 0.1815 0.1825 0.168 0.1537 0.1499 0.18 0.2318 0.3089
0.0395 0.0378 0.0374 0.0378 0.0384 0.0394 0.0415 0.0453 0.0551 0.0674 0.0761 0.0782 0.0785 0.0786 0.0802 0.0848 0.0913 0.1092 0.1372 0.1621 0.1677 0.1619 0.1631 0.1711 0.1739 0.1635 0.1479 0.1409 0.1627 0.2106 0.2829
0.0764 0.0702 0.0655 0.0609 0.0556 0.0498 0.0439 0.0404 0.0371 0.0349 0.033 0.0318 0.0311 0.031 0.0314 0.0327 0.0344 0.0386 0.0476 0.0578 0.0605 0.0603 0.061 0.0649 0.0654 0.0612 0.0543 0.0546 0.0594 0.0887 0.1429
0.4687 0.4781 0.4823 0.484 0.4816 0.4753 0.4709 0.4715 0.4704 0.4675 0.4612 0.4518 0.442 0.4319 0.424 0.422 0.4206 0.4174 0.4128 0.413 0.4154 0.4155 0.4075 0.4025 0.4092 0.43 0.452 0.4678 0.4727 0.4703 0.4705
0.4074 0.4084 0.4098 0.4119 0.4139 0.4153 0.4208 0.4344 0.4548 0.469 0.4738 0.4733 0.4691 0.466 0.4646 0.4668 0.4714 0.4786 0.4852 0.4888 0.4912 0.4903 0.4857 0.4825 0.4818 0.4829 0.4846 0.4866 0.4831 0.4796 0.4778
0.1508 0.1474 0.1514 0.163 0.1772 0.1949 0.2174 0.2501 0.308 0.3684 0.4056 0.41 0.3863 0.3562 0.3241 0.2828 0.2408 0.2166 0.2019 0.1811 0.1538 0.1332 0.1308 0.1382 0.1398 0.1273 0.1148 0.1108 0.1349 0.1837 0.2629
0.2204 0.223 0.2308 0.2511 0.2777 0.3095 0.3412 0.3656 0.3863 0.3985 0.4044 0.4064 0.4065 0.4056 0.4048 0.404 0.4026 0.4031 0.4035 0.3989 0.3811 0.3632 0.36 0.3657 0.3648 0.3507 0.3365 0.333 0.3609 0.3907 0.423
0.1868 0.1771 0.1726 0.1717 0.1703 0.1707 0.1727 0.1809 0.1962 0.2042 0.2035 0.1974 0.1927 0.1924 0.1961 0.2097 0.2342 0.277 0.3317 0.3845 0.4253 0.4458 0.4475 0.4481 0.4501 0.457 0.464 0.4686 0.4676 0.4643 0.4629
0.0856 0.0859 0.0895 0.0999 0.1137 0.1305 0.1426 0.1477 0.1482 0.1433 0.1359 0.1272 0.1206 0.1186 0.1177 0.1182 0.1216 0.1279 0.1392 0.1407 0.127 0.1127 0.1125 0.1179 0.1197 0.1088 0.0976 0.0936 0.1139 0.1581 0.2308
0.3165 0.292 0.26 0.221 0.1866 0.1544 0.128 0.1109 0.0962 0.0841 0.0752 0.0684 0.0655 0.0647 0.0663 0.0718 0.0818 0.1019 0.1308 0.1659 0.2033 0.2265 0.2259 0.2234 0.2381 0.2823 0.3438 0.4017 0.4495 0.4515 0.4575
0.0391 0.0389 0.0407 0.0445 0.0514 0.0624 0.0768 0.0894 0.1022 0.1106 0.1129 0.1125 0.1066 0.1007 0.0941 0.0836 0.072 0.066 0.0619 0.0564 0.0477 0.0412 0.0408 0.042 0.0424 0.04 0.0369 0.0365 0.0392 0.0563 0.093
0.2124 0.2039 0.2004 0.2012 0.2019 0.2045 0.2096 0.2234 0.2472 0.2646 0.2672 0.265 0.2606 0.2595 0.2622 0.2747 0.2962 0.3281 0.3631 0.3927 0.4138 0.4214 0.4197 0.418 0.4199 0.431 0.4421 0.4494 0.4497 0.4472 0.4458
0.0625 0.0625 0.0649 0.0714 0.0814 0.0946 0.1077 0.1182 0.1269 0.1302 0.1315 0.131 0.1315 0.1346 0.1411 0.1534 0.1736 0.215 0.2805 0.3573 0.425 0.4661 0.4799 0.4836 0.484 0.4838 0.4834 0.4831 0.4786 0.4744 0.47
0.0982 0.0961 0.0981 0.1057 0.116 0.1293 0.1472 0.1737 0.2257 0.2857 0.3263 0.3313 0.3042 0.271 0.2385 0.2013 0.1656 0.1456 0.1333 0.1183 0.0992 0.0854 0.0844 0.088 0.0877 0.0823 0.0742 0.0715 0.0877 0.1263 0.1949
0.3909 0.3982 0.406 0.4189 0.4326 0.4441 0.4513 0.4555 0.4553 0.4521 0.4471 0.4408 0.4377 0.4362 0.438 0.4457 0.458 0.4734 0.4875 0.4959 0.4983 0.4978 0.4944 0.492 0.4892 0.4864 0.4836 0.4836 0.4802 0.4783 0.4781
0.1379 0.1328 0.1319 0.133 0.1343 0.1369 0.1402 0.149 0.1637 0.1698 0.1655 0.1543 0.1417 0.1295 0.1202 0.1154 0.1132 0.1077 0.1015 0.1026 0.1071 0.1077 0.1037 0.1001 0.1089 0.1419 0.2031 0.282 0.397 0.4215 0.4527
0.2999 0.2988 0.3039 0.316 0.3318 0.3491 0.3711 0.3978 0.4338 0.4636 0.4812 0.4879 0.4868 0.4794 0.4698 0.4621 0.4525 0.4383 0.4249 0.4183 0.4157 0.4113 0.4032 0.3993 0.4044 0.4192 0.4342 0.4457 0.4562 0.4587 0.4624
0.0814 0.0765 0.0737 0.0712 0.0671 0.0621 0.0549 0.0494 0.0443 0.0402 0.0372 0.0353 0.0342 0.0341 0.0349 0.0367 0.0393 0.0484 0.0692 0.1029 0.1389 0.1609 0.1725 0.1879 0.1916 0.1814 0.1663 0.1606 0.1868 0.2371 0.3091
0.3608 0.355 0.3479 0.3394 0.3277 0.3131 0.2975 0.2871 0.2762 0.2615 0.2459 0.2306 0.2201 0.2162 0.2179 0.2261 0.2425 0.2722 0.3096 0.3453 0.3739 0.3843 0.3814 0.378 0.386 0.4097 0.435 0.454 0.4622 0.459 0.4595
0.3137 0.3137 0.3168 0.3219 0.3274 0.3316 0.3381 0.3514 0.3701 0.3763 0.3685 0.3493 0.3252 0.2975 0.2741 0.2581 0.2449 0.2253 0.2085 0.2051 0.2108 0.2099 0.2024 0.1971 0.2107 0.2556 0.3228 0.3891 0.4496 0.4531 0.463
0.3765 0.3772 0.3803 0.3841 0.3882 0.3913 0.3974 0.409 0.4261 0.4362 0.4368 0.4335 0.4268 0.4218 0.4194 0.4201 0.4215 0.4281 0.4364 0.4346 0.4276 0.4159 0.4128 0.4139 0.4124 0.4032 0.3929 0.3913 0.4084 0.4247 0.4413
0.0879 0.0855 0.0871 0.0933 0.1003 0.1084 0.115 0.1229 0.1336 0.1374 0.1337 0.1244 0.115 0.1084 0.1041 0.0991 0.0958 0.0941 0.093 0.089 0.0765 0.066 0.0655 0.0687 0.0684 0.0637 0.057 0.0581 0.0639 0.0958 0.1531
0.0821 0.0797 0.0814 0.0859 0.0938 0.1043 0.1196 0.1434 0.1901 0.2501 0.3108 0.3616 0.3912 0.4058 0.4093 0.4064 0.3963 0.3812 0.3681 0.3547 0.3383 0.3214 0.316 0.3191 0.3232 0.3226 0.3202 0.3229 0.3541 0.393 0.436
0.1447 0.1381 0.1308 0.1211 0.1097 0.0969 0.0837 0.0745 0.0659 0.0578 0.0516 0.0468 0.0435 0.0421 0.0414 0.0422 0.0438 0.0461 0.0497 0.0539 0.0603 0.0622 0.0611 0.0604 0.0643 0.0858 0.1306 0.1961 0.3239 0.3746 0.4307
0.0344 0.034 0.035 0.0371 0.0416 0.0478 0.0572 0.0672 0.0811 0.0954 0.1098 0.1243 0.1377 0.1515 0.1637 0.1709 0.1744 0.1768 0.1792 0.1753 0.1552 0.1357 0.1325 0.1403 0.1417 0.1313 0.1172 0.1109 0.1314 0.1782 0.2537
0.3903 0.398 0.4068 0.4216 0.4379 0.4528 0.4657 0.4745 0.4801 0.4811 0.4815 0.48 0.4779 0.4757 0.4748 0.4773 0.4801 0.4823 0.4839 0.4841 0.4839 0.4816 0.4768 0.4732 0.4722 0.4731 0.4744 0.476 0.4724 0.469 0.4672
0.177 0.1685 0.1657 0.1665 0.1673 0.17 0.1747 0.1872 0.2093 0.2248 0.2251 0.2208 0.2132 0.2083 0.2082 0.2135 0.2267 0.2429 0.2582 0.2752 0.2942 0.3006 0.294 0.2884 0.3014 0.3416 0.3925 0.4349 0.4639 0.4627 0.4648
0.1291 0.1275 0.126 0.1246 0.12 0.1139 0.1046 0.0985 0.0921 0.0833 0.0739 0.0652 0.0587 0.0536 0.0507 0.0488 0.0478 0.046 0.0446 0.0447 0.0463 0.0469 0.0455 0.045 0.0476 0.062 0.0954 0.1477 0.2615 0.3188 0.3826
0.1816 0.1732 0.1698 0.1698 0.1694 0.1707 0.1732 0.1818 0.1975 0.205 0.203 0.1948 0.1863 0.181 0.1799 0.1838 0.1952 0.2075 0.2189 0.233 0.2505 0.2561 0.249 0.2437 0.2576 0.3017 0.3618 0.4165 0.4593 0.4598 0.4642
0.0505 0.0483 0.0474 0.0478 0.0482 0.049 0.0505 0.0533 0.0592 0.0619 0.0617 0.0581 0.0535 0.0499 0.0473 0.046 0.0455 0.0442 0.0432 0.0435 0.0453 0.0461 0.0449 0.0443 0.0465 0.0606 0.093 0.1444 0.2621 0.3272 0.4014
0.3767 0.3746 0.3752 0.3786 0.3819 0.3853 0.3931 0.4098 0.4358 0.4542 0.4598 0.4572 0.4503 0.4433 0.4402 0.4415 0.4448 0.4504 0.4557 0.4616 0.4686 0.4678 0.4622 0.4582 0.4633 0.478 0.4942 0.5054 0.5057 0.5033 0.502
0.1015 0.0968 0.0958 0.0966 0.0979 0.1004 0.1049 0.1125 0.1271 0.1361 0.1344 0.1257 0.1158 0.1073 0.101 0.0985 0.0975 0.0959 0.0946 0.0955 0.102 0.1032 0.0996 0.0963 0.1046 0.1366 0.1962 0.2739 0.3906 0.4168 0.449
0.0736 0.07 0.0692 0.0696 0.0698 0.0706 0.0719 0.0747 0.0798 0.0807 0.0777 0.0708 0.0644 0.0598 0.0563 0.0547 0.054 0.0529 0.0522 0.0531 0.0558 0.0569 0.0553 0.0545 0.0577 0.0766 0.1171 0.1776 0.3011 0.3525 0.4099
0.4062 0.4156 0.425 0.4399 0.4555 0.4688 0.48 0.4872 0.4914 0.4913 0.4903 0.4884 0.4858 0.4834 0.4826 0.485 0.4869 0.49 0.4918 0.4913 0.487 0.4804 0.4766 0.4746 0.4723 0.4669 0.4618 0.4625 0.4631 0.4664 0.47
0.3133 0.3106 0.3135 0.3169 0.3186 0.3185 0.3151 0.3146 0.3131 0.307 0.295 0.281 0.2706 0.2657 0.2658 0.2698 0.2789 0.2961 0.3159 0.3187 0.3041 0.2853 0.2836 0.2923 0.2925 0.2757 0.259 0.2546 0.2901 0.336 0.3915
0.0613 0.0598 0.0596 0.0607 0.0616 0.0626 0.0639 0.0667 0.0698 0.0702 0.0667 0.0597 0.0531 0.0476 0.044 0.0414 0.0396 0.0375 0.0358 0.0354 0.0361 0.0364 0.0356 0.0355 0.0371 0.0454 0.068 0.106 0.2015 0.2697 0.3519
0.527 0.5408 0.5479 0.5508 0.5489 0.5429 0.5398 0.5406 0.5404 0.5396 0.5386 0.5367 0.5329 0.5279 0.5239 0.5217 0.5184 0.5153 0.5109 0.5078 0.505 0.5017 0.4962 0.4923 0.4911 0.4916 0.4924 0.4936 0.4896 0.4858 0.4835
0.102 0.1017 0.103 0.1054 0.1064 0.1069 0.106 0.1055 0.1048 0.0992 0.0886 0.077 0.0671 0.059 0.0528 0.0492 0.0465 0.0433 0.0407 0.04 0.0409 0.0412 0.0401 0.0396 0.0415 0.053 0.0809 0.126 0.2327 0.2964 0.3704
0.1826 0.1769 0.1774 0.18 0.1832 0.1866 0.1894 0.1955 0.2055 0.2072 0.2034 0.1931 0.1845 0.181 0.1812 0.1846 0.193 0.2094 0.2289 0.233 0.2192 0.2013 0.2016 0.2092 0.2106 0.1946 0.179 0.1744 0.2063 0.259 0.3318
0.1432 0.1284 0.113 0.0958 0.0809 0.0671 0.056 0.049 0.0433 0.0392 0.0362 0.0343 0.033 0.0329 0.0334 0.0349 0.0379 0.0431 0.0556 0.075 0.0996 0.118 0.1188 0.1184 0.1288 0.1647 0.2276 0.3043 0.4034 0.4204 0.4422
0.372 0.379 0.3868 0.4003 0.4148 0.4277 0.4374 0.4426 0.4439 0.4418 0.4383 0.4328 0.4282 0.4252 0.4244 0.4281 0.4344 0.4414 0.4464 0.4502 0.4531 0.4528 0.4475 0.4438 0.4448 0.4508 0.4568 0.4611 0.4597 0.4566 0.4555
0.0347 0.0339 0.0344 0.0359 0.0385 0.0417 0.045 0.0482 0.0506 0.0516 0.0513 0.0503 0.0488 0.0479 0.0473 0.0475 0.0484 0.0488 0.05 0.0516 0.0556 0.057 0.0556 0.0547 0.0576 0.0759 0.1153 0.1742 0.2926 0.3423 0.3967
0.2236 0.2157 0.2126 0.2137 0.2147 0.2175 0.2229 0.2374 0.2615 0.2785 0.2798 0.2761 0.2686 0.2642 0.2643 0.2716 0.2867 0.3054 0.3235 0.3413 0.3591 0.3643 0.358 0.353 0.3634 0.3939 0.4285 0.4544 0.4693 0.4655 0.4665
0.0685 0.0659 0.0655 0.0665 0.0674 0.069 0.0709 0.0759 0.0838 0.0872 0.0844 0.0774 0.0696 0.0625 0.0571 0.0543 0.0524 0.0492 0.0464 0.0459 0.0474 0.048 0.0465 0.0458 0.0484 0.0637 0.0984 0.1521 0.271 0.3331 0.4032
0.3702 0.3674 0.3658 0.3656 0.3644 0.3617 0.3631 0.3677 0.3765 0.3768 0.3724 0.361 0.3497 0.3411 0.3381 0.3394 0.345 0.3537 0.3623 0.3723 0.3829 0.3835 0.378 0.373 0.3809 0.4042 0.4296 0.4486 0.4556 0.4533 0.4536
0.0659 0.0638 0.0636 0.0646 0.0654 0.0665 0.0678 0.0702 0.0745 0.0745 0.0707 0.0632 0.0563 0.0505 0.0467 0.0439 0.0421 0.0399 0.0379 0.0376 0.0385 0.0389 0.0379 0.0375 0.0392 0.0498 0.0761 0.119 0.2227 0.288 0.3646
0.3723 0.3791 0.3875 0.4027 0.4194 0.4351 0.4481 0.4567 0.4612 0.4608 0.459 0.4558 0.4522 0.449 0.4474 0.4498 0.4542 0.4571 0.4599 0.4617 0.4634 0.4625 0.4566 0.4528 0.4541 0.4606 0.4677 0.472 0.4709 0.4677 0.4664
0.0924 0.0896 0.0906 0.0934 0.0951 0.0957 0.0929 0.0895 0.0853 0.079 0.0723 0.0657 0.0618 0.0599 0.0596 0.0609 0.0639 0.0684 0.0761 0.0759 0.0703 0.0617 0.0616 0.0648 0.0646 0.06 0.0536 0.0546 0.0603 0.0908 0.1461
0.2915 0.2842 0.2799 0.278 0.2749 0.2711 0.2701 0.2747 0.2823 0.2818 0.2759 0.2641 0.2545 0.2489 0.2488 0.2546 0.269 0.2861 0.3022 0.3194 0.3369 0.3423 0.3356 0.3307 0.3421 0.3769 0.4172 0.4487 0.4678 0.4652 0.4664
0.4915 0.5028 0.5105 0.5151 0.5174 0.5157 0.5136 0.5115 0.5071 0.501 0.4957 0.4891 0.4828 0.477 0.4728 0.4721 0.4715 0.4713 0.4708 0.4707 0.4711 0.4696 0.4635 0.4596 0.4604 0.4664 0.472 0.4764 0.475 0.4717 0.47
